1
1
1
5
6
6
6
11
14
15
20
20
21
22
30
35
38
41
42
43
44
45
48
50
51
52
60
61
62
62
63
63
71
72
75
76
79
80
83
84
85
85
87
87
87
88
88
89
93
94
95
97
103
104
104
105
106
107
109
110
112
115
115
116
117
119
120
123
127
127
128
131
131
134
135
136
136
141
143
145
146
146
148
150
152
153
155
159
165
167
171
171
179
182
183
183
184
185
185
186
187
188
191
192
193
193
193
195
195
198
199
203
204
204
204
204
206
207
208
208
209
209
210
211
211
211
212
213
214
215
222
223
224
225
227
229
229
230
235
237
238
240
241
248
250
251
254
258
259
265
271
273
273
273
274
278
278
281
284
284
288
289
289
293
296
298
299
300
303
308
310
310
317
321
322
324
324
324
325
325
327
330
334
336
337
341
344
347
347
348
350
350
352
352
353
355
358
359
360
360
362
364
364
368
369
370
371
380
380
381
383
386
386
388
390
391
395
396
398
398
399
403
403
406
409
410
412
416
418
418
419
421
421
421
424
431
432
439
441
442
452
456
456
459
462
464
465
468
475
479
479
480
484
484
484
485
485
486
487
489
491
497
498
498
503
508
512
513
515
515
517
517
517
523
524
524
526
527
530
535
538
538
541
546
548
549
550
555
558
560
560
560
561
561
562
564
564
565
566
567
568
570
571
575
576
576
577
577
579
579
580
583
583
588
589
589
592
598
599
601
602
604
604
611
613
613
617
619
622
624
626
631
631
632
634
636
638
639
642
642
644
650
652
652
652
654
659
664
665
668
670
670
675
678
682
690
691
693
702
706
706
710
713
713
717
720
721
723
723
723
726
726
727
729
732
733
735
736
737
738
745
746
748
749
751
751
752
752
757
759
760
760
761
764
764
767
769
771
771
771
772
773
773
776
776
777
786
791
792
792
796
796
797
798
802
805
807
807
808
809
810
813
814
815
815
818
819
821
823
826
827
827
829
832
832
833
836
836
836
839
839
840
841
843
845
846
847
848
850
852
853
856
857
857
860
864
866
866
869
869
869
870
872
872
874
874
879
879
880
880
880
881
884
896
899
900
901
904
910
911
915
916
920
920
929
930
934
936
939
941
942
949
952
953
956
962
967
969
971
974
977
979
979
980
982
983
983
985
988
989
990
991
993
997
999
1004
1004
1011
1011
1011
1012
1013
1013
1013
1014
1015
1015
1017
1017
1018
1019
1022
1022
1023
1024
1028
1030
1040
1041
1041
1044
1044
1049
1058
1058
1059
1067
1067
1069
1071
1071
1075
1077
1078
1079
1079
1080
1080
1081
1086
1086
1088
1091
1092
1093
1094
1095
1097
1097
1098
1098
1101
1103
1103
1105
1115
1117
1119
1125
1130
1131
1133
1133
1136
1136
1137
1138
1138
1139
1143
1143
1144
1145
1146
1148
1155
1163
1166
1169
1170
1172
1172
1176
1179
1180
1180
1183
1185
1187
1188
1189
1190
1191
1193
1194
1198
1198
1201
1202
1206
1206
1207
1208
1209
1216
1216
1216
1220
1224
1225
1227
1228
1228
1234
1234
1235
1235
1237
1238
1238
1246
1252
1256
1257
1259
1260
1261
1262
1264
1265
1266
1267
1268
1278
1278
1282
1283
1284
1285
1287
1289
1293
1293
1294
1297
1300
1303
1304
1305
1308
1312
1313
1315
1315
1317
1318
1319
1323
1324
1326
1326
1327
1328
1328
1329
1331
1331
1333
1333
1338
1339
1340
1342
1343
1344
1347
1350
1351
1352
1353
1356
1357
1359
1361
1362
1369
1369
1371
1372
1372
1373
1376
1378
1379
1380
1381
1381
1383
1386
1387
1387
1389
1393
1398
1398
1401
1402
1402
1405
1406
1406
1407
1407
1407
1410
1410
1410
1411
1411
1413
1418
1420
1421
1421
1425
1426
1426
1426
1429
1430
1433
1437
1439
1440
1442
1444
1447
1449
1454
1454
1456
1458
1465
1467
1467
1468
1469
1470
1471
1471
1473
1477
1479
1480
1481
1483
1485
1492
1493
1493
1500
1501
1501
1502
1503
1505
1506
1511
1514
1514
1514
1516
1517
1521
1522
1523
1525
1526
1528
1530
1530
1531
1535
1535
1536
1536
1537
1539
1539
1540
1545
1552
1553
1553
1555
1557
1558
1562
1566
1566
1569
1570
1571
1572
1573
1573
1574
1575
1576
1577
1579
1582
1585
1587
1589
1591
1593
1596
1598
1599
1600
1600
1602
1602
1603
1604
1607
1607
1607
1609
1610
1617
1618
1621
1622
1625
1625
1628
1629
1633
1634
1636
1641
1647
1649
1650
1654
1655
1657
1657
1657
1658
1661
1661
1665
1666
1668
1671
1671
1678
1681
1682
1683
1684
1691
1694
1695
1695
1696
1700
1706
1706
1706
1708
1710
1711
1715
1721
1723
1726
1727
1729
1730
1731
1731
1734
1737
1737
1742
1744
1748
1750
1751
1753
1755
1756
1757
1758
1758
1766
1767
1769
1770
1776
1784
1785
1785
1785
1792
1793
1793
1793
1793
1800
1806
1810
1812
1812
1817
1818
1819
1823
1823
1824
1825
1826
1828
1831
1831
1840
1847
1847
1851
1853
1856
1856
1857
1857
1860
1861
1861
1863
1863
1865
1865
1866
1866
1869
1869
1872
1873
1879
1880
1880
1888
1892
1893
1897
1899
1901
1902
1904
1904
1904
1906
1906
1906
1908
1916
1917
1917
1920
1921
1922
1925
1929
1932
1935
1935
1936
1940
1942
1950
1951
1951
1953
1953
1960
1963
1963
1970
1971
1972
1973
1975
1975
1979
1980
1981
1981
1985
1989
1989
1990
1994
1999
2003
2004
2004
2005
2005
2006
2006
2007
2010
2012
2018
2026
2029
2030
2030
2031
2033
2034
2034
2037
2039
2041
2043
2043
2044
2047
2050
2050
2052
2054
2054
2059
2060
2061
2061
2064
2070
2071
2072
2074
2077
2079
2081
2082
2084
2084
2085
2085
2092
2094
2097
2100
2102
2103
2104
2108
2110
2111
2111
2111
2111
2111
2114
2114
2115
2118
2118
2119
2122
2123
2126
2128
2132
2136
2137
2137
2137
2139
2140
2140
2143
2144
2148
2152
2153
2153
2154
2158
2159
2163
2164
2166
2171
2175
2181
2188
2196
2196
2202
2204
2207
2214
2222
2228
2229
2230
2234
2235
2240
2242
2242
2245
2246
2246
2252
2255
2264
2264
2267
2267
2272
2274
2276
2276
2278
2278
2280
2281
2281
2281
2288
2289
2291
2291
2293
2297
2298
2298
2301
2304
2305
2306
2309
2310
2312
2313
2317
2317
2320
2320
2326
2327
2330
2331
2331
2332
2333
2335
2335
2340
2341
2348
2349
2350
2351
2356
2357
2357
2358
2358
2358
2358
2360
2360
2360
2362
2364
2364
2374
2376
2376
2378
2379
2380
2381
2382
2383
2383
2387
2389
2390
2391
2397
2398
2400
2400
2405
2413
2414
2415
2417
2417
2419
2419
2419
2420
2422
2426
2428
2433
2437
2441
2443
2445
2447
2453
2454
2454
2457
2458
2459
2464
2465
2466
2466
2466
2467
2467
2468
2469
2472
2472
2472
2473
2475
2476
2477
2478
2478
2479
2479
2486
2487
2487
2488
2489
2489
2491
2497
2502
2510
2511
2511
2513
2515
2520
2522
2523
2523
2524
2525
2527
2535
2537
2538
2541
2544
2545
2547
2548
2551
2555
2555
2556
2557
2558
2563
2570
2572
2572
2572
2574
2574
2574
2575
2577
2578
2585
2588
2589
2597
2598
2600
2600
2603
2606
2610
2610
2611
2611
2614
2615
2622
2623
2624
2624
2626
2628
2628
2635
2637
2640
2642
2642
2644
2646
2650
2650
2652
2656
2659
2662
2666
2666
2669
2670
2671
2674
2676
2679
2683
2686
2688
2688
2690
2691
2694
2694
2695
2702
2706
2711
2712
2719
2721
2723
2725
2729
2729
2729
2729
2731
2733
2738
2740
2745
2747
2751
2754
2754
2755
2755
2759
2768
2771
2772
2773
2775
2777
2780
2782
2783
2786
2791
2792
2796
2796
2798
2800
2802
2802
2802
2803
2808
2814
2818
2821
2823
2823
2826
2827
2828
2828
2829
2832
2835
2836
2836
2837
2839
2840
2840
2841
2842
2842
2844
2844
2846
2846
2847
2849
2853
2854
2856
2856
2856
2864
2864
2868
2869
2873
2876
2877
2878
2879
2885
2886
2896
2897
2905
2907
2908
2910
2911
2912
2912
2914
2915
2915
2917
2918
2919
2919
2920
2920
2922
2923
2926
2927
2929
2932
2932
2934
2934
2936
2937
2937
2938
2939
2939
2943
2944
2950
2952
2961
2962
2963
2963
2967
2968
2970
2972
2974
2975
2976
2985
2989
2989
2989
2992
2993
2995
2996
2999
2999
3003
3008
3009
3010
3012
3014
3015
3015
3015
3016
3017
3019
3020
3021
3021
3021
3022
3024
3025
3026
3026
3027
3029
3032
3037
3038
3039
3045
3046
3048
3050
3050
3050
3050
3051
3053
3054
3054
3054
3058
3058
3059
3061
3061
3062
3064
3065
3068
3070
3070
3075
3078
3079
3081
3083
3088
3088
3088
3095
3099
3104
3105
3105
3107
3108
3109
3112
3112
3114
3115
3115
3115
3115
3117
3119
3119
3123
3128
3128
3130
3131
3134
3140
3142
3145
3147
3147
3149
3150
3153
3154
3162
3164
3165
3166
3166
3170
3171
3173
3175
3176
3178
3179
3180
3181
3181
3184
3186
3188
3188
3188
3191
3191
3192
3194
3197
3198
3199
3200
3202
3202
3202
3203
3205
3206
3210
3215
3215
3220
3221
3221
3227
3236
3236
3239
3244
3245
3247
3247
3248
3250
3252
3256
3260
3264
3266
3270
3270
3274
3277
3278
3279
3280
3284
3288
3290
3295
3295
3296
3296
3296
3305
3307
3307
3309
3310
3317
3320
3325
3325
3326
3327
3327
3329
3339
3342
3344
3346
3346
3353
3358
3358
3358
3361
3363
3365
3365
3373
3377
3378
3378
3382
3382
3384
3385
3386
3391
3394
3395
3397
3397
3397
3398
3401
3401
3404
3405
3408
3410
3410
3411
3411
3412
3412
3416
3417
3417
3419
3428
3429
3431
3432
3435
3436
3441
3441
3450
3451
3451
3452
3452
3456
3461
3470
3470
3472
3475
3476
3477
3478
3478
3478
3479
3480
3481
3481
3483
3483
3486
3486
3487
3487
3489
3497
3498
3504
3505
3505
3507
3508
3511
3515
3518
3523
3524
3525
3525
3526
3528
3528
3533
3534
3537
3538
3544
3547
3549
3552
3553
3554
3566
3566
3566
3579
3581
3582
3584
3585
3588
3588
3588
3589
3592
3594
3594
3596
3603
3605
3607
3613
3616
3616
3617
3618
3619
3621
3621
3622
3623
3624
3624
3626
3626
3627
3627
3627
3628
3629
3637
3639
3639
3643
3646
3646
3648
3650
3651
3656
3658
3658
3662
3663
3663
3665
3668
3670
3671
3672
3673
3676
3677
3678
3678
3679
3680
3681
3692
3693
3699
3701
3703
3704
3706
3708
3709
3712
3712
3713
3714
3715
3718
3719
3720
3720
3721
3722
3723
3726
3728
3735
3735
3735
3736
3737
3737
3738
3739
3743
3744
3745
3746
3747
3747
3748
3749
3749
3752
3753
3754
3755
3757
3758
3760
3761
3762
3762
3765
3768
3768
3769
3772
3773
3777
3781
3781
3783
3796
3799
3800
3800
3802
3804
3805
3807
3808
3811
3815
3816
3816
3819
3821
3824
3831
3831
3834
3838
3846
3851
3852
3855
3857
3860
3862
3862
3863
3863
3863
3863
3865
3870
3870
3871
3872
3875
3877
3880
3882
3882
3887
3890
3890
3894
3897
3898
3899
3901
3902
3904
3907
3909
3911
3914
3920
3924
3925
3927
3927
3929
3930
3933
3935
3940
3941
3943
3943
3944
3945
3947
3948
3948
3949
3949
3951
3954
3956
3960
3961
3961
3963
3967
3967
3968
3971
3974
3974
3976
3976
3978
3978
3987
3988
3990
3990
3990
3994
3997
3999
4000
4000
4012
4014
4016
4019
4021
4023
4027
4028
4029
4030
4031
4033
4036
4042
4043
4044
4046
4048
4049
4050
4050
4050
4054
4056
4058
4058
4060
4062
4068
4069
4070
4073
4074
4074
4076
4076
4078
4080
4080
4080
4082
4084
4087
4088
4091
4092
4093
4097
4098
4098
4100
4101
4101
4114
4116
4117
4118
4118
4122
4122
4123
4126
4128
4129
4132
4138
4139
4139
4142
4142
4144
4146
4152
4153
4158
4163
4167
4168
4172
4176
4179
4181
4181
4182
4184
4186
4186
4187
4188
4195
4195
4198
4202
4203
4207
4210
4213
4214
4216
4217
4218
4222
4222
4225
4225
4226
4227
4228
4229
4230
4232
4232
4233
4236
4238
4242
4243
4245
4250
4252
4254
4257
4257
4258
4260
4260
4262
4263
4263
4264
4265
4265
4265
4266
4268
4269
4269
4272
4274
4274
4274
4276
4278
4281
4286
4286
4288
4290
4291
4292
4294
4295
4302
4302
4309
4310
4314
4315
4316
4321
4322
4324
4326
4334
4338
4341
4342
4343
4347
4349
4352
4353
4355
4355
4356
4357
4360
4362
4367
4370
4371
4372
4373
4377
4377
4380
4381
4386
4393
4393
4399
4400
4400
4403
4405
4407
4409
4410
4410
4413
4413
4413
4413
4414
4416
4418
4418
4422
4425
4425
4426
4428
4431
4433
4439
4442
4443
4443
4445
4448
4448
4449
4449
4449
4456
4458
4458
4461
4461
4465
4466
4471
4474
4476
4480
4481
4487
4488
4489
4492
4492
4492
4492
4499
4501
4504
4507
4508
4512
4513
4515
4519
4519
4522
4524
4526
4527
4528
4529
4532
4532
4536
4536
4539
4540
4541
4542
4547
4549
4550
4551
4551
4551
4551
4555
4555
4556
4563
4563
4565
4566
4573
4575
4576
4576
4577
4580
4588
4591
4592
4594
4597
4604
4605
4605
4608
4609
4609
4609
4612
4613
4614
4618
4618
4619
4624
4625
4626
4626
4628
4629
4629
4629
4632
4633
4635
4638
4639
4640
4641
4641
4643
4648
4649
4652
4655
4655
4658
4659
4663
4664
4666
4667
4668
4676
4676
4681
4682
4689
4691
4691
4693
4694
4696
4699
4700
4700
4703
4704
4705
4710
4712
4719
4720
4722
4723
4724
4724
4725
4725
4728
4730
4738
4741
4743
4747
4757
4758
4758
4758
4759
4760
4761
4761
4762
4763
4765
4766
4767
4768
4770
4774
4776
4776
4777
4778
4783
4787
4787
4788
4788
4789
4790
4793
4795
4799
4800
4803
4806
4807
4807
4811
4815
4816
4816
4817
4820
4825
4825
4826
4827
4830
4833
4834
4838
4838
4839
4839
4840
4842
4852
4856
4856
4857
4858
4860
4863
4864
4864
4871
4872
4874
4878
4882
4883
4884
4886
4886
4899
4907
4907
4909
4909
4910
4912
4914
4919
4920
4925
4925
4928
4929
4932
4934
4936
4937
4937
4937
4937
4941
4945
4948
4949
4955
4957
4961
4963
4966
4968
4970
4970
4974
4975
4975
4977
4977
4980
4980
4981
4981
4982
4982
4983
4985
4986
4993
4995
4996
4999
4999
5004
5008
5012
5019
5022
5025
5026
5029
5031
5031
5033
5033
5033
5034
5037
5038
5039
5043
5045
5046
5047
5048
5048
5049
5050
5051
5053
5055
5057
5057
5057
5060
5061
5063
5066
5067
5069
5072
5074
5082
5097
5106
5106
5108
5112
5113
5113
5114
5114
5114
5115
5115
5116
5117
5120
5121
5122
5123
5124
5125
5130
5133
5137
5140
5140
5141
5142
5145
5145
5145
5146
5148
5148
5153
5154
5155
5157
5158
5159
5159
5160
5161
5167
5167
5170
5171
5179
5179
5181
5183
5186
5186
5187
5190
5193
5196
5207
5208
5210
5212
5213
5216
5217
5220
5225
5227
5228
5228
5232
5232
5234
5238
5239
5243
5243
5246
5247
5249
5253
5257
5258
5259
5259
5259
5261
5263
5265
5265
5268
5269
5270
5271
5271
5272
5273
5273
5276
5278
5282
5287
5287
5299
5299
5302
5304
5304
5306
5309
5314
5316
5318
5322
5323
5324
5325
5325
5326
5326
5331
5332
5336
5337
5342
5347
5347
5347
5349
5350
5351
5352
5359
5359
5360
5362
5364
5365
5369
5371
5372
5376
5376
5377
5378
5378
5379
5380
5385
5385
5385
5385
5386
5388
5390
5391
5391
5393
5398
5402
5405
5407
5407
5408
5408
5409
5414
5419
5422
5423
5426
5428
5429
5432
5433
5434
5437
5439
5443
5444
5444
5444
5444
5445
5445
5447
5448
5449
5451
5457
5459
5465
5465
5467
5468
5468
5471
5471
5472
5473
5475
5476
5484
5486
5488
5493
5500
5502
5504
5505
5512
5513
5514
5524
5524
5526
5527
5528
5529
5531
5531
5533
5534
5536
5537
5538
5540
5541
5542
5542
5543
5544
5548
5549
5551
5551
5553
5559
5562
5563
5564
5571
5571
5572
5575
5575
5576
5580
5582
5588
5592
5596
5597
5597
5598
5598
5600
5603
5605
5614
5615
5620
5622
5623
5624
5628
5629
5633
5634
5636
5638
5640
5641
5645
5647
5648
5650
5656
5656
5663
5663
5667
5673
5673
5674
5674
5675
5676
5678
5679
5682
5688
5691
5692
5697
5698
5700
5700
5700
5704
5709
5712
5714
5718
5721
5721
5722
5723
5726
5728
5729
5732
5735
5736
5736
5739
5741
5742
5750
5752
5755
5758
5759
5760
5761
5764
5765
5773
5775
5776
5777
5779
5781
5781
5787
5787
5788
5788
5792
5793
5795
5796
5799
5800
5801
5802
5804
5805
5810
5811
5811
5816
5820
5821
5825
5827
5827
5829
5831
5834
5835
5835
5837
5840
5841
5841
5845
5847
5847
5852
5852
5852
5854
5856
5856
5856
5857
5860
5861
5861
5863
5869
5870
5874
5876
5877
5882
5886
5886
5895
5900
5900
5901
5902
5903
5904
5907
5911
5911
5916
5916
5918
5919
5923
5927
5927
5934
5934
5936
5938
5938
5939
5941
5941
5943
5943
5943
5946
5947
5948
5948
5949
5949
5953
5953
5954
5954
5955
5959
5960
5961
5962
5964
5969
5970
5977
5977
5984
5986
5987
5990
5990
5996
5999
5999
6001
6004
6004
6008
6009
6013
6015
6016
6017
6019
6019
6024
6030
6036
6039
6039
6039
6040
6044
6046
6046
6049
6049
6050
6050
6054
6055
6056
6057
6059
6059
6062
6064
6067
6068
6072
6072
6072
6073
6075
6079
6084
6086
6088
6090
6092
6093
6093
6098
6099
6104
6109
6109
6118
6118
6121
6122
6129
6131
6134
6135
6137
6138
6141
6142
6144
6145
6147
6148
6150
6150
6153
6153
6154
6157
6159
6161
6162
6162
6165
6167
6167
6169
6171
6172
6173
6174
6174
6175
6175
6176
6177
6178
6178
6178
6179
6187
6188
6190
6190
6193
6198
6199
6202
6202
6203
6210
6212
6213
6215
6216
6217
6222
6222
6225
6225
6226
6227
6228
6230
6230
6231
6235
6237
6237
6239
6240
6240
6241
6245
6248
6250
6252
6255
6256
6257
6259
6260
6261
6262
6265
6266
6268
6270
6270
6272
6272
6275
6275
6277
6277
6278
6278
6281
6282
6285
6289
6292
6294
6302
6303
6307
6313
6314
6317
6324
6324
6325
6329
6330
6330
6331
6338
6339
6343
6343
6344
6346
6347
6348
6350
6362
6365
6366
6366
6370
6370
6371
6372
6376
6378
6380
6381
6384
6385
6387
6388
6392
6393
6394
6397
6401
6403
6405
6407
6407
6412
6417
6419
6421
6425
6425
6426
6427
6430
6431
6432
6434
6436
6437
6437
6438
6441
6444
6448
6449
6450
6451
6453
6454
6457
6459
6460
6463
6467
6474
6476
6476
6479
6481
6484
6488
6490
6492
6492
6493
6493
6499
6500
6503
6504
6505
6505
6507
6507
6508
6510
6511
6511
6515
6521
6522
6525
6525
6526
6526
6527
6528
6528
6530
6530
6531
6532
6534
6539
6540
6541
6541
6541
6546
6549
6550
6551
6554
6556
6558
6559
6559
6563
6565
6567
6570
6571
6572
6574
6576
6577
6577
6580
6581
6583
6584
6586
6587
6589
6591
6593
6594
6595
6598
6599
6599
6600
6601
6602
6606
6606
6617
6619
6621
6622
6625
6626
6630
6631
6631
6632
6632
6635
6637
6638
6638
6642
6645
6646
6647
6648
6650
6654
6654
6661
6665
6668
6673
6674
6677
6682
6683
6685
6686
6686
6688
6689
6691
6691
6692
6697
6698
6699
6701
6701
6702
6702
6705
6706
6706
6706
6707
6711
6715
6717
6720
6721
6722
6722
6722
6726
6728
6728
6728
6728
6730
6734
6736
6737
6738
6740
6747
6747
6750
6750
6750
6752
6753
6753
6756
6757
6759
6761
6762
6763
6766
6768
6772
6774
6775
6776
6777
6777
6781
6782
6782
6784
6786
6786
6786
6786
6786
6788
6792
6794
6794
6799
6803
6807
6809
6816
6821
6824
6825
6827
6828
6831
6833
6837
6837
6842
6843
6852
6853
6856
6857
6859
6861
6863
6864
6866
6867
6867
6869
6870
6872
6873
6875
6876
6879
6882
6883
6884
6884
6887
6888
6890
6890
6894
6896
6896
6897
6897
6899
6899
6902
6903
6905
6906
6906
6907
6908
6909
6911
6915
6916
6920
6921
6924
6928
6928
6928
6931
6935
6936
6936
6938
6940
6942
6944
6944
6945
6951
6953
6954
6955
6956
6964
6965
6966
6969
6970
6971
6974
6974
6975
6976
6977
6978
6981
6987
6989
6997
6998
6998
6999
7002
7004
7004
7007
7016
7016
7018
7021
7022
7023
7023
7024
7026
7030
7031
7033
7034
7036
7039
7040
7044
7045
7045
7048
7048
7049
7050
7052
7052
7053
7058
7058
7066
7067
7070
7072
7072
7073
7074
7074
7074
7076
7077
7078
7079
7092
7097
7098
7099
7101
7105
7106
7107
7112
7119
7119
7123
7124
7125
7126
7126
7131
7131
7132
7133
7135
7135
7137
7137
7138
7138
7143
7145
7152
7153
7153
7159
7159
7160
7161
7162
7162
7163
7165
7169
7169
7173
7174
7176
7186
7186
7190
7191
7193
7193
7195
7197
7198
7201
7203
7206
7207
7208
7208
7217
7222
7223
7227
7234
7234
7236
7236
7239
7243
7244
7244
7244
7246
7248
7252
7256
7262
7264
7264
7266
7268
7271
7271
7273
7273
7273
7274
7274
7275
7276
7280
7283
7287
7289
7290
7292
7292
7294
7298
7299
7301
7305
7306
7306
7307
7310
7315
7315
7317
7318
7318
7318
7318
7322
7324
7327
7331
7332
7333
7334
7337
7338
7339
7340
7345
7347
7349
7350
7352
7353
7355
7358
7361
7362
7363
7363
7364
7367
7367
7371
7372
7375
7375
7378
7385
7387
7388
7388
7389
7389
7391
7393
7396
7399
7399
7400
7401
7404
7404
7407
7407
7408
7413
7413
7415
7415
7419
7422
7424
7431
7431
7433
7433
7436
7440
7443
7443
7444
7446
7447
7448
7450
7452
7454
7456
7461
7462
7463
7464
7465
7467
7471
7471
7472
7472
7472
7475
7477
7478
7479
7480
7481
7481
7486
7488
7489
7489
7491
7494
7496
7496
7496
7497
7497
7499
7500
7501
7501
7504
7506
7507
7507
7508
7510
7513
7514
7515
7516
7518
7521
7522
7525
7526
7527
7529
7529
7530
7532
7532
7532
7533
7534
7535
7539
7540
7544
7547
7548
7550
7551
7551
7552
7556
7558
7561
7561
7562
7564
7564
7565
7568
7576
7578
7579
7580
7585
7585
7585
7586
7589
7592
7593
7598
7602
7604
7605
7605
7607
7609
7611
7615
7616
7616
7617
7617
7618
7619
7619
7620
7622
7624
7627
7630
7631
7632
7643
7645
7645
7645
7646
7650
7655
7656
7656
7656
7661
7666
7669
7672
7672
7674
7676
7678
7678
7683
7686
7687
7689
7689
7690
7690
7691
7699
7702
7704
7705
7706
7706
7713
7715
7717
7718
7719
7720
7722
7724
7725
7725
7728
7731
7733
7733
7734
7734
7735
7737
7743
7745
7748
7752
7752
7754
7757
7757
7758
7771
7775
7782
7789
7797
7801
7802
7804
7807
7807
7809
7813
7814
7814
7818
7818
7819
7822
7824
7826
7829
7831
7832
7833
7835
7835
7836
7837
7837
7840
7841
7842
7842
7844
7845
7848
7849
7851
7852
7852
7859
7860
7860
7861
7865
7867
7867
7868
7868
7870
7871
7871
7872
7876
7877
7877
7882
7882
7884
7889
7895
7901
7905
7908
7911
7911
7912
7912
7914
7914
7915
7915
7918
7919
7922
7924
7925
7929
7929
7930
7931
7932
7934
7935
7940
7940
7943
7944
7948
7954
7960
7960
7963
7965
7965
7969
7969
7971
7979
7980
7982
7982
7983
7987
7988
7990
7995
7999
8003
8003
8005
8006
8006
8007
8012
8013
8014
8018
8021
8023
8024
8024
8025
8027
8028
8030
8034
8035
8036
8036
8039
8040
8042
8045
8046
8050
8055
8057
8066
8066
8070
8073
8079
8081
8083
8085
8086
8087
8088
8090
8090
8091
8096
8098
8098
8102
8103
8103
8104
8106
8108
8112
8112
8112
8113
8114
8115
8117
8118
8119
8121
8122
8123
8129
8130
8133
8135
8138
8140
8140
8141
8142
8149
8150
8155
8155
8156
8156
8158
8159
8159
8160
8162
8165
8166
8168
8170
8172
8173
8176
8177
8178
8180
8183
8186
8189
8189
8191
8193
8193
8195
8195
8197
8198
8198
8200
8201
8202
8204
8204
8206
8211
8216
8218
8220
8221
8226
8227
8231
8231
8232
8234
8237
8238
8239
8239
8240
8240
8242
8244
8245
8247
8248
8248
8250
8253
8255
8256
8258
8259
8259
8261
8262
8266
8267
8270
8271
8273
8273
8277
8278
8280
8280
8284
8284
8285
8285
8286
8286
8292
8292
8293
8293
8294
8294
8296
8298
8299
8300
8306
8309
8309
8310
8311
8315
8317
8317
8318
8319
8320
8322
8329
8330
8333
8334
8338
8339
8343
8345
8346
8348
8349
8351
8351
8354
8354
8359
8362
8367
8369
8370
8375
8376
8378
8380
8380
8381
8382
8387
8389
8390
8390
8393
8393
8395
8396
8398
8398
8401
8401
8402
8402
8402
8402
8402
8403
8405
8413
8413
8413
8414
8415
8415
8415
8416
8418
8424
8425
8425
8427
8427
8434
8436
8438
8440
8443
8444
8445
8446
8449
8453
8454
8457
8457
8459
8460
8462
8463
8465
8467
8469
8469
8470
8472
8475
8477
8478
8478
8479
8480
8485
8485
8490
8491
8492
8495
8497
8498
8502
8505
8506
8508
8512
8513
8513
8514
8521
8524
8525
8525
8530
8531
8532
8534
8534
8535
8535
8538
8539
8545
8545
8546
8553
8554
8555
8555
8557
8559
8559
8559
8560
8568
8570
8572
8573
8574
8574
8575
8575
8577
8579
8579
8581
8581
8583
8585
8585
8585
8587
8587
8591
8594
8595
8598
8600
8602
8605
8607
8607
8608
8608
8614
8625
8626
8629
8631
8638
8638
8639
8640
8640
8643
8646
8646
8647
8652
8656
8656
8664
8667
8669
8675
8677
8678
8679
8682
8685
8688
8690
8690
8692
8693
8694
8698
8699
8701
8703
8704
8707
8708
8710
8710
8714
8716
8716
8718
8719
8722
8724
8724
8728
8730
8731
8736
8740
8741
8741
8742
8746
8746
8747
8748
8751
8752
8752
8754
8758
8759
8760
8760
8762
8764
8774
8774
8775
8776
8779
8779
8784
8785
8786
8787
8788
8790
8790
8793
8793
8794
8795
8796
8805
8805
8808
8810
8811
8811
8812
8812
8814
8821
8822
8826
8828
8829
8831
8833
8839
8841
8842
8843
8850
8853
8854
8855
8856
8857
8859
8861
8862
8863
8865
8867
8869
8869
8873
8874
8877
8878
8879
8881
8884
8887
8889
8891
8892
8893
8905
8905
8905
8906
8907
8908
8909
8910
8911
8914
8919
8920
8920
8921
8922
8924
8924
8926
8931
8931
8932
8934
8935
8935
8939
8944
8944
8945
8945
8947
8948
8950
8954
8957
8957
8957
8961
8961
8964
8966
8968
8973
8974
8976
8988
8990
8998
9001
9002
9002
9003
9004
9006
9011
9011
9017
9020
9021
9022
9024
9026
9029
9031
9036
9036
9038
9041
9044
9044
9047
9047
9054
9056
9056
9058
9059
9061
9065
9065
9066
9066
9069
9069
9073
9074
9075
9079
9080
9084
9085
9087
9088
9095
9097
9098
9102
9106
9110
9114
9117
9119
9119
9124
9132
9134
9139
9141
9141
9142
9144
9146
9150
9150
9150
9151
9151
9152
9156
9159
9159
9161
9162
9163
9164
9164
9164
9165
9166
9169
9173
9174
9176
9178
9182
9184
9184
9188
9193
9193
9194
9194
9195
9195
9195
9196
9198
9199
9199
9204
9209
9210
9214
9221
9222
9222
9222
9229
9232
9232
9232
9236
9238
9243
9244
9246
9247
9248
9249
9251
9252
9253
9257
9263
9266
9269
9270
9272
9273
9274
9277
9278
9279
9279
9280
9280
9284
9285
9289
9292
9293
9293
9295
9296
9297
9302
9304
9307
9308
9308
9311
9313
9313
9315
9318
9330
9330
9330
9330
9332
9333
9335
9337
9337
9341
9343
9343
9343
9343
9344
9345
9357
9358
9362
9365
9366
9367
9369
9372
9374
9377
9378
9378
9382
9382
9382
9383
9385
9388
9388
9388
9389
9390
9391
9393
9394
9395
9396
9396
9400
9400
9400
9400
9403
9403
9405
9406
9409
9411
9411
9414
9417
9421
9422
9423
9423
9428
9428
9428
9431
9434
9437
9438
9443
9445
9446
9447
9448
9449
9452
9455
9456
9457
9457
9458
9458
9460
9464
9465
9468
9468
9470
9471
9473
9473
9479
9480
9481
9481
9482
9483
9484
9484
9486
9486
9490
9491
9491
9494
9495
9496
9496
9499
9504
9504
9509
9513
9513
9516
9517
9519
9521
9523
9524
9527
9530
9531
9535
9537
9539
9540
9540
9542
9542
9546
9550
9550
9553
9554
9556
9562
9562
9563
9566
9569
9569
9572
9574
9576
9579
9580
9585
9585
9587
9587
9590
9594
9596
9596
9597
9597
9599
9600
9602
9603
9605
9605
9607
9612
9613
9613
9613
9614
9614
9616
9619
9622
9623
9623
9624
9624
9624
9630
9630
9631
9632
9634
9634
9636
9639
9642
9645
9648
9650
9651
9652
9655
9657
9657
9660
9662
9664
9665
9665
9668
9671
9671
9678
9682
9686
9690
9690
9690
9695
9696
9698
9699
9700
9701
9704
9704
9705
9707
9708
9710
9714
9718
9722
9723
9723
9727
9732
9732
9732
9736
9739
9741
9744
9748
9756
9756
9759
9761
9763
9767
9769
9772
9773
9783
9785
9790
9793
9796
9797
9803
9804
9806
9811
9811
9816
9822
9825
9826
9827
9828
9830
9831
9834
9834
9838
9841
9842
9843
9844
9848
9854
9855
9856
9857
9860
9868
9871
9872
9874
9878
9881
9883
9886
9891
9892
9893
9895
9897
9897
9898
9899
9902
9905
9907
9907
9910
9911
9911
9913
9914
9915
9919
9920
9927
9929
9929
9941
9944
9948
9954
9957
9957
9959
9959
9960
9961
9961
9961
9963
9964
9966
9973
9980
9982
9983
9983
9985
9987
9993
9997
10000
10002
10003
10005
10009
10014
10015
10016
10018
10020
10021
10025
10029
10030
10031
10031
10043
10046
10048
10050
10050
10051
10054
10054
10056
10056
10058
10064
10065
10066
10071
10074
10079
10080
10081
10083
10084
10087
10087
10087
10088
10091
10092
10093
10094
10095
10095
10096
10098
10100
10103
10104
10108
10112
10113
10113
10114
10118
10120
10122
10122
10125
10125
10125
10126
10126
10131
10134
10135
10136
10137
10138
10138
10144
10144
10145
10149
10150
10150
10151
10152
10153
10153
10155
10156
10161
10163
10163
10164
10164
10166
10167
10172
10173
10173
10175
10175
10178
10179
10180
10180
10182
10182
10186
10187
10189
10190
10190
10192
10195
10198
10201
10202
10206
10208
10209
10211
10221
10222
10222
10223
10224
10231
10231
10231
10232
10236
10237
10238
10244
10244
10245
10246
10250
10251
10257
10257
10259
10260
10264
10266
10266
10268
10270
10271
10275
10276
10284
10285
10285
10286
10291
10292
10292
10293
10293
10294
10295
10297
10297
10303
10304
10306
10307
10309
10313
10317
10318
10318
10318
10320
10327
10330
10332
10332
10332
10332
10339
10343
10346
10347
10350
10351
10354
10357
10359
10361
10369
10370
10372
10373
10373
10374
10374
10375
10375
10377
10382
10382
10385
10392
10399
10404
10406
10407
10409
10416
10423
10424
10425
10428
10429
10437
10443
10444
10446
10447
10449
10453
10454
10458
10460
10462
10462
10465
10465
10466
10470
10475
10476
10479
10488
10488
10491
10494
10495
10496
10497
10499
10507
10507
10508
10509
10514
10518
10519
10526
10527
10529
10530
10538
10538
10538
10541
10545
10545
10546
10547
10550
10550
10551
10552
10553
10554
10558
10561
10562
10563
10565
10566
10566
10570
10571
10572
10572
10573
10573
10576
10577
10577
10579
10584
10585
10586
10586
10588
10593
10594
10598
10599
10604
10605
10606
10609
10611
10612
10613
10613
10614
10619
10621
10623
10625
10627
10628
10630
10637
10641
10643
10644
10644
10644
10644
10646
10646
10652
10653
10653
10654
10655
10656
10661
10661
10661
10662
10667
10669
10669
10670
10672
10676
10676
10677
10680
10687
10691
10692
10693
10696
10698
10698
10700
10705
10707
10714
10715
10715
10716
10716
10717
10719
10720
10722
10723
10724
10727
10732
10733
10734
10739
10740
10740
10743
10744
10744
10746
10747
10750
10755
10755
10758
10758
10759
10759
10762
10765
10766
10767
10769
10776
10778
10781
10782
10783
10784
10792
10795
10796
10798
10799
10800
10804
10805
10806
10806
10807
10811
10814
10814
10816
10824
10825
10825
10826
10829
10832
10840
10840
10843
10845
10846
10846
10848
10849
10849
10849
10851
10854
10855
10858
10858
10860
10861
10864
10869
10872
10876
10878
10879
10881
10881
10881
10882
10885
10887
10891
10893
10893
10899
10904
10904
10906
10906
10908
10912
10912
10918
10923
10923
10925
10927
10927
10927
10933
10934
10935
10936
10937
10939
10940
10940
10941
10944
10944
10945
10946
10947
10951
10954
10954
10954
10955
10962
10962
10966
10968
10971
10976
10977
10980
10981
10981
10984
10985
10987
10989
10995
10997
10997
10998
10998
10999
11002
11003
11003
11007
11008
11009
11012
11012
11012
11013
11015
11016
11017
11020
11023
11025
11026
11029
11031
11036
11038
11038
11041
11043
11044
11044
11048
11050
11050
11053
11053
11056
11057
11064
11065
11067
11068
11068
11071
11074
11075
11077
11078
11079
11087
11087
11089
11089
11089
11090
11093
11096
11102
11103
11105
11107
11108
11111
11115
11116
11118
11120
11123
11126
11127
11127
11128
11134
11136
11139
11141
11145
11148
11150
11152
11155
11156
11156
11157
11158
11158
11162
11163
11164
11165
11167
11169
11170
11171
11174
11175
11178
11178
11178
11180
11182
11183
11185
11186
11188
11191
11191
11197
11198
11198
11201
11202
11203
11206
11206
11206
11207
11211
11211
11212
11213
11214
11215
11215
11216
11218
11222
11224
11226
11227
11227
11230
11231
11232
11234
11234
11236
11238
11239
11240
11243
11246
11250
11251
11254
11263
11263
11265
11267
11278
11279
11281
11282
11287
11289
11290
11290
11291
11291
11294
11300
11301
11301
11301
11302
11303
11304
11312
11313
11315
11319
11322
11322
11325
11329
11329
11331
11333
11333
11337
11338
11341
11346
11346
11349
11350
11351
11351
11352
11354
11356
11356
11356
11357
11357
11360
11361
11366
11370
11371
11372
11373
11377
11379
11384
11389
11391
11392
11393
11393
11394
11399
11402
11406
11408
11420
11422
11423
11425
11427
11430
11430
11431
11435
11438
11443
11444
11444
11446
11449
11452
11453
11454
11454
11455
11456
11458
11458
11459
11460
11465
11468
11469
11473
11473
11475
11476
11478
11479
11479
11480
11480
11482
11482
11482
11486
11488
11490
11494
11497
11502
11507
11508
11513
11514
11514
11519
11524
11526
11527
11529
11530
11535
11535
11538
11544
11545
11547
11547
11550
11551
11557
11557
11558
11560
11561
11561
11566
11567
11570
11571
11574
11575
11575
11576
11580
11580
11582
11584
11585
11586
11587
11588
11589
11591
11592
11593
11595
11595
11596
11599
11601
11605
11607
11608
11608
11610
11612
11612
11614
11614
11616
11618
11618
11619
11619
11623
11624
11624
11629
11634
11635
11638
11639
11641
11641
11642
11643
11645
11645
11646
11648
11649
11650
11653
11654
11656
11656
11669
11671
11671
11672
11673
11675
11676
11677
11677
11679
11681
11681
11681
11683
11683
11683
11684
11690
11690
11691
11695
11695
11699
11700
11700
11702
11705
11707
11709
11712
11719
11720
11721
11721
11722
11722
11722
11724
11727
11729
11732
11733
11734
11735
11736
11740
11742
11743
11745
11747
11747
11748
11754
11757
11757
11759
11761
11763
11764
11765
11766
11767
11771
11779
11779
11784
11784
11789
11789
11793
11794
11796
11798
11802
11806
11808
11809
11809
11811
11812
11812
11813
11816
11817
11819
11819
11824
11824
11825
11827
11833
11835
11835
11838
11840
11840
11843
11845
11848
11848
11849
11851
11857
11857
11863
11868
11869
11873
11874
11874
11879
11880
11882
11882
11886
11888
11892
11892
11892
11892
11897
11909
11909
11913
11914
11918
11919
11921
11924
11924
11926
11930
11932
11933
11933
11934
11940
11941
11942
11942
11943
11951
11952
11953
11958
11959
11960
11963
11964
11965
11972
11972
11975
11977
11978
11978
11981
11981
11982
11989
11989
11991
11991
11991
11999
12000
12002
12003
12006
12008
12010
12011
12015
12017
12018
12020
12022
12025
12027
12027
12029
12030
12032
12036
12041
12042
12044
12044
12044
12045
12047
12052
12056
12057
12058
12059
12060
12065
12066
12067
12067
12069
12069
12070
12070
12071
12072
12073
12075
12079
12080
12085
12089
12090
12090
12091
12091
12091
12091
12093
12094
12094
12096
12097
12101
12104
12105
12108
12108
12110
12114
12115
12115
12117
12117
12120
12126
12126
12127
12128
12129
12131
12131
12133
12133
12134
12135
12136
12138
12140
12141
12149
12150
12152
12152
12155
12156
12159
12159
12165
12166
12170
12171
12179
12179
12180
12181
12184
12186
12186
12188
12191
12191
12194
12195
12197
12198
12207
12207
12209
12211
12212
12213
12216
12218
12218
12219
12220
12220
12221
12224
12225
12226
12227
12233
12233
12234
12240
12241
12242
12243
12245
12247
12247
12256
12257
12258
12259
12261
12261
12263
12266
12267
12268
12269
12269
12271
12272
12276
12280
12282
12283
12284
12285
12287
12288
12291
12294
12298
12298
12299
12301
12301
12303
12305
12305
12310
12323
12326
12329
12333
12334
12334
12336
12337
12337
12342
12343
12343
12343
12346
12350
12351
12353
12356
12360
12365
12367
12367
12369
12371
12374
12376
12380
12381
12382
12387
12388
12389
12390
12392
12392
12393
12394
12394
12395
12395
12398
12399
12401
12401
12402
12403
12404
12404
12404
12407
12409
12413
12414
12416
12435
12438
12438
12445
12447
12451
12458
12459
12459
12460
12461
12462
12468
12468
12473
12473
12474
12474
12475
12475
12476
12477
12479
12480
12480
12482
12483
12485
12485
12486
12492
12493
12495
12496
12497
12498
12501
12501
12502
12505
12505
12512
12513
12515
12519
12526
12533
12535
12537
12537
12537
12540
12541
12546
12549
12554
12554
12564
12566
12568
12571
12571
12576
12577
12578
12579
12579
12580
12583
12583
12585
12587
12588
12590
12591
12596
12601
12605
12613
12614
12619
12620
12623
12624
12629
12633
12639
12640
12640
12642
12643
12644
12644
12647
12648
12651
12653
12656
12656
12659
12659
12661
12661
12662
12662
12665
12666
12671
12671
12671
12671
12672
12672
12673
12679
12680
12680
12682
12683
12685
12691
12697
12705
12705
12718
12726
12726
12729
12729
12734
12735
12738
12739
12744
12744
12747
12748
12751
12751
12751
12761
12761
12762
12766
12766
12767
12778
12778
12779
12782
12783
12785
12786
12791
12792
12792
12796
12801
12806
12807
12808
12810
12811
12812
12812
12820
12820
12821
12821
12832
12832
12833
12833
12833
12834
12835
12838
12838
12840
12841
12841
12843
12844
12845
12847
12847
12852
12854
12856
12856
12859
12860
12864
12865
12867
12867
12871
12875
12877
12878
12878
12879
12880
12882
12885
12886
12886
12889
12892
12892
12899
12899
12900
12900
12901
12906
12907
12907
12908
12909
12910
12911
12913
12915
12918
12918
12925
12925
12925
12933
12941
12941
12941
12944
12945
12955
12957
12962
12962
12962
12965
12965
12969
12971
12972
12972
12973
12975
12976
12978
12979
12980
12980
12981
12982
12984
12988
12989
12989
12992
12993
12997
12997
13007
13014
13021
13021
13022
13022
13023
13025
13036
13043
13043
13046
13048
13048
13053
13053
13054
13058
13061
13062
13064
13075
13079
13079
13079
13080
13080
13081
13085
13089
13091
13092
13092
13093
13100
13107
13108
13110
13110
13111
13111
13113
13113
13118
13118
13119
13121
13123
13129
13130
13131
13131
13134
13135
13135
13140
13143
13145
13146
13147
13154
13157
13157
13160
13163
13166
13168
13171
13173
13174
13175
13177
13179
13180
13181
13182
13184
13187
13190
13190
13191
13191
13194
13195
13195
13200
13204
13207
13212
13213
13214
13215
13216
13218
13221
13222
13223
13225
13227
13228
13228
13231
13232
13234
13234
13236
13237
13242
13244
13244
13247
13248
13250
13255
13255
13258
13260
13260
13266
13267
13267
13268
13271
13272
13273
13273
13275
13276
13277
13280
13286
13288
13289
13291
13293
13295
13296
13300
13302
13303
13305
13306
13313
13319
13323
13323
13324
13329
13330
13334
13334
13336
13336
13337
13338
13339
13340
13343
13343
13344
13345
13347
13348
13350
13351
13352
13357
13365
13372
13376
13378
13378
13379
13389
13390
13390
13391
13391
13393
13394
13398
13402
13404
13404
13405
13406
13407
13407
13407
13413
13416
13420
13423
13424
13427
13429
13430
13435
13439
13440
13444
13446
13449
13450
13451
13455
13461
13462
13465
13467
13467
13468
13472
13474
13477
13479
13480
13481
13484
13487
13492
13494
13496
13498
13499
13502
13503
13504
13507
13510
13511
13512
13513
13513
13514
13517
13526
13530
13531
13536
13540
13540
13543
13549
13551
13554
13555
13556
13557
13564
13565
13570
13571
13579
13580
13585
13586
13591
13592
13593
13600
13603
13604
13605
13608
13609
13610
13610
13610
13610
13611
13612
13614
13615
13617
13617
13620
13622
13623
13623
13623
13626
13629
13629
13630
13635
13636
13636
13637
13637
13638
13640
13641
13644
13646
13647
13647
13650
13651
13652
13652
13653
13653
13656
13662
13664
13665
13666
13667
13668
13671
13674
13678
13679
13679
13683
13685
13688
13689
13690
13690
13691
13693
13694
13698
13698
13699
13700
13700
13709
13712
13714
13716
13718
13721
13722
13726
13727
13728
13731
13738
13738
13741
13743
13745
13747
13749
13749
13750
13753
13755
13757
13759
13761
13764
13766
13770
13773
13776
13776
13776
13779
13781
13784
13784
13786
13786
13793
13795
13795
13796
13801
13806
13807
13811
13812
13812
13814
13816
13816
13820
13821
13822
13824
13825
13828
13829
13830
13830
13831
13833
13834
13839
13840
13843
13844
13844
13846
13851
13852
13855
13861
13862
13864
13866
13870
13873
13876
13876
13878
13886
13886
13887
13892
13894
13894
13895
13897
13899
13900
13904
13906
13907
13908
13910
13912
13913
13915
13916
13918
13919
13922
13924
13924
13930
13931
13932
13933
13936
13936
13937
13940
13942
13946
13946
13946
13952
13952
13954
13957
13958
13961
13964
13966
13966
13966
13967
13970
13972
13973
13973
13975
13975
13976
13977
13980
13980
13982
13984
13985
13989
13991
13993
13995
13997
13998
14001
14004
14005
14009
14011
14012
14014
14021
14024
14025
14027
14029
14031
14032
14035
14035
14036
14040
14040
14043
14043
14051
14051
14051
14052
14053
14054
14059
14061
14062
14064
14074
14076
14080
14085
14088
14089
14090
14090
14090
14091
14091
14092
14093
14093
14094
14094
14095
14096
14100
14101
14104
14104
14104
14106
14106
14108
14108
14108
14110
14111
14114
14115
14116
14118
14122
14124
14132
14134
14135
14136
14141
14145
14152
14154
14156
14160
14161
14162
14162
14166
14169
14171
14175
14180
14181
14183
14183
14184
14186
14188
14191
14191
14192
14193
14195
14201
14201
14202
14202
14204
14205
14205
14206
14206
14207
14207
14210
14211
14211
14214
14214
14223
14227
14236
14237
14238
14239
14240
14240
14241
14241
14242
14244
14245
14246
14246
14247
14247
14247
14251
14252
14254
14257
14259
14262
14267
14268
14268
14269
14270
14270
14271
14271
14271
14272
14273
14276
14277
14278
14279
14281
14283
14285
14288
14289
14289
14290
14292
14294
14294
14299
14302
14304
14305
14308
14322
14323
14324
14330
14331
14332
14333
14334
14341
14344
14347
14347
14347
14351
14352
14352
14354
14354
14357
14358
14358
14360
14361
14362
14363
14365
14368
14368
14370
14370
14371
14382
14384
14384
14386
14388
14390
14393
14396
14396
14399
14399
14407
14407
14410
14413
14413
14415
14416
14419
14420
14424
14428
14429
14431
14432
14432
14433
14435
14437
14437
14438
14440
14440
14441
14441
14443
14443
14443
14445
14445
14446
14453
14454
14456
14458
14463
14465
14468
14471
14474
14474
14476
14476
14477
14477
14478
14481
14483
14485
14491
14492
14494
14494
14494
14496
14497
14498
14500
14501
14507
14507
14508
14512
14514
14518
14519
14519
14523
14526
14534
14539
14539
14539
14540
14546
14550
14554
14556
14556
14558
14558
14560
14564
14564
14565
14565
14565
14568
14568
14569
14569
14570
14570
14570
14573
14575
14581
14581
14584
14586
14587
14587
14589
14590
14595
14595
14595
14597
14598
14604
14606
14606
14608
14610
14610
14612
14614
14614
14615
14616
14616
14619
14625
14631
14632
14634
14641
14643
14643
14646
14646
14647
14647
14650
14652
14653
14657
14660
14661
14662
14664
14664
14665
14667
14668
14669
14671
14671
14672
14672
14680
14684
14686
14694
14696
14702
14702
14702
14705
14708
14710
14713
14719
14720
14722
14723
14726
14726
14728
14728
14730
14731
14731
14734
14736
14738
14741
14743
14744
14747
14750
14752
14754
14756
14757
14760
14761
14761
14763
14763
14768
14769
14769
14770
14771
14775
14776
14777
14777
14777
14777
14778
14780
14781
14782
14786
14790
14791
14794
14795
14795
14797
14798
14800
14800
14802
14803
14805
14808
14809
14811
14811
14812
14813
14814
14815
14816
14818
14819
14824
14825
14826
14828
14834
14835
14837
14841
14842
14844
14844
14848
14848
14852
14854
14854
14854
14855
14856
14859
14859
14864
14865
14865
14866
14866
14874
14874
14874
14876
14878
14880
14882
14882
14883
14886
14891
14895
14897
14897
14900
14900
14901
14904
14905
14906
14907
14908
14910
14910
14914
14914
14914
14915
14915
14916
14917
14920
14921
14923
14926
14928
14931
14931
14932
14947
14947
14953
14954
14958
14961
14962
14964
14969
14972
14973
14974
14974
14975
14976
14976
14977
14978
14980
14984
14985
14986
14988
14991
14992
14993
14994
14996
15001
15004
15004
15006
15007
15011
15015
15016
15018
15031
15037
15038
15039
15045
15046
15049
15051
15055
15056
15057
15058
15061
15065
15066
15068
15069
15069
15072
15073
15075
15076
15078
15078
15080
15081
15082
15084
15092
15092
15093
15095
15097
15097
15099
15106
15108
15108
15108
15109
15111
15115
15116
15117
15119
15120
15120
15123
15128
15129
15132
15132
15133
15134
15136
15138
15138
15138
15139
15140
15143
15144
15147
15148
15148
15149
15149
15150
15151
15151
15154
15156
15157
15158
15159
15162
15164
15165
15166
15169
15169
15171
15172
15173
15175
15179
15182
15183
15184
15190
15191
15194
15196
15196
15197
15200
15200
15201
15206
15207
15209
15210
15215
15216
15220
15222
15223
15226
15228
15230
15231
15232
15232
15233
15237
15245
15256
15258
15260
15262
15265
15266
15271
15272
15274
15274
15276
15278
15280
15282
15287
15288
15289
15294
15294
15296
15296
15296
15296
15297
15297
15298
15301
15303
15307
15307
15307
15307
15307
15309
15310
15315
15316
15321
15321
15322
15322
15324
15325
15325
15329
15329
15331
15331
15335
15335
15338
15340
15344
15345
15348
15349
15349
15352
15352
15353
15354
15356
15357
15358
15358
15358
15359
15360
15363
15364
15370
15371
15372
15377
15379
15383
15384
15385
15387
15387
15388
15394
15397
15399
15402
15402
15405
15407
15410
15414
15414
15415
15416
15416
15420
15421
15425
15428
15429
15432
15433
15438
15441
15442
15443
15445
15455
15455
15456
15458
15458
15462
15462
15467
15467
15468
15468
15470
15472
15473
15477
15482
15487
15488
15489
15489
15490
15491
15491
15491
15495
15496
15499
15499
15501
15502
15504
15509
15509
15510
15516
15520
15520
15521
15521
15522
15523
15523
15527
15529
15529
15532
15535
15535
15538
15540
15541
15544
15546
15550
15550
15552
15553
15553
15556
15557
15559
15560
15561
15561
15562
15563
15566
15567
15570
15571
15575
15582
15585
15586
15590
15591
15592
15592
15593
15595
15598
15599
15604
15605
15607
15608
15610
15611
15613
15615
15617
15620
15621
15624
15629
15633
15634
15636
15636
15637
15640
15643
15645
15659
15660
15660
15661
15664
15665
15666
15670
15670
15675
15677
15677
15680
15682
15685
15687
15687
15690
15690
15693
15697
15697
15698
15698
15700
15701
15704
15708
15715
15715
15717
15718
15720
15724
15725
15741
15743
15746
15748
15755
15757
15768
15768
15777
15778
15778
15780
15781
15785
15790
15800
15801
15803
15806
15809
15812
15812
15815
15817
15818
15819
15822
15822
15823
15823
15826
15827
15828
15830
15830
15830
15833
15838
15845
15852
15859
15861
15862
15862
15864
15866
15867
15870
15874
15874
15879
15880
15885
15885
15899
15901
15902
15904
15904
15907
15911
15913
15915
15917
15921
15921
15924
15926
15926
15930
15931
15932
15934
15934
15936
15938
15939
15944
15946
15947
15948
15950
15950
15952
15953
15954
15954
15959
15966
15967
15974
15974
15974
15984
15987
15987
15990
15991
15992
15995
15997
15998
15998
15998
16002
16009
16012
16012
16013
16016
16016
16017
16018
16019
16020
16020
16020
16020
16023
16024
16025
16029
16030
16030
16030
16032
16033
16036
16038
16039
16041
16043
16044
16045
16049
16053
16059
16059
16060
16061
16062
16065
16066
16069
16072
16074
16075
16076
16082
16088
16089
16094
16094
16096
16097
16097
16099
16100
16100
16104
16104
16105
16107
16108
16109
16110
16110
16112
16112
16114
16115
16115
16115
16115
16116
16118
16123
16124
16125
16125
16125
16126
16127
16129
16132
16132
16139
16140
16143
16143
16144
16147
16147
16148
16149
16152
16154
16155
16157
16158
16161
16166
16167
16168
16168
16170
16172
16173
16173
16180
16181
16182
16185
16191
16192
16196
16201
16204
16214
16218
16219
16222
16223
16227
16227
16227
16230
16231
16235
16235
16237
16237
16237
16240
16240
16242
16242
16243
16245
16246
16247
16247
16248
16248
16250
16251
16251
16251
16255
16258
16259
16262
16262
16267
16268
16269
16270
16272
16274
16275
16281
16283
16285
16287
16288
16291
16292
16293
16295
16295
16298
16301
16306
16312
16314
16321
16321
16321
16326
16329
16331
16339
16339
16342
16342
16344
16345
16347
16348
16351
16351
16353
16354
16361
16363
16367
16367
16368
16368
16372
16374
16376
16376
16381
16383
16386
16388
16390
16391
16396
16397
16405
16406
16415
16415
16417
16417
16419
16425
16426
16429
16430
16434
16437
16438
16439
16441
16442
16444
16447
16447
16450
16451
16459
16459
16459
16460
16463
16465
16468
16469
16471
16473
16474
16480
16481
16483
16492
16495
16496
16496
16500
16501
16501
16504
16504
16506
16512
16521
16523
16526
16526
16529
16529
16529
16531
16533
16534
16536
16537
16540
16543
16544
16544
16548
16549
16550
16551
16552
16556
16559
16559
16562
16562
16567
16570
16570
16571
16572
16574
16578
16578
16578
16584
16584
16587
16588
16595
16596
16599
16601
16603
16604
16607
16608
16609
16610
16611
16612
16617
16618
16621
16623
16625
16626
16627
16629
16630
16636
16637
16639
16640
16641
16643
16643
16646
16650
16651
16656
16660
16662
16664
16665
16668
16672
16676
16680
16684
16690
16691
16695
16697
16698
16701
16702
16702
16703
16705
16706
16707
16710
16714
16715
16716
16718
16720
16721
16722
16725
16727
16728
16730
16735
16736
16738
16740
16743
16746
16753
16757
16760
16760
16760
16761
16762
16763
16769
16772
16774
16775
16776
16776
16778
16778
16780
16780
16784
16786
16786
16790
16791
16791
16792
16793
16793
16794
16794
16796
16801
16802
16806
16808
16808
16810
16810
16811
16814
16815
16816
16817
16817
16820
16821
16821
16823
16824
16824
16825
16826
16828
16830
16831
16831
16838
16842
16843
16845
16847
16847
16851
16851
16852
16856
16861
16861
16861
16862
16866
16868
16869
16875
16877
16878
16880
16882
16888
16890
16893
16895
16896
16896
16897
16898
16900
16904
16904
16905
16905
16906
16908
16911
16911
16911
16911
16912
16913
16920
16925
16927
16929
16931
16931
16935
16936
16940
16940
16940
16948
16949
16950
16952
16956
16960
16962
16963
16963
16966
16968
16969
16974
16974
16982
16985
16987
16989
16995
16997
17003
17005
17006
17008
17012
17013
17013
17019
17020
17020
17021
17024
17026
17028
17029
17030
17032
17035
17035
17036
17038
17041
17041
17044
17049
17052
17053
17056
17058
17063
17065
17070
17071
17071
17075
17076
17077
17078
17080
17081
17082
17084
17084
17085
17086
17087
17090
17099
17100
17102
17102
17104
17105
17107
17107
17109
17110
17115
17118
17119
17121
17122
17124
17125
17126
17128
17131
17132
17133
17135
17141
17143
17143
17147
17149
17151
17152
17154
17157
17158
17158
17159
17160
17168
17168
17170
17175
17178
17178
17180
17185
17186
17190
17192
17194
17194
17197
17197
17200
17201
17202
17202
17203
17205
17205
17205
17206
17206
17207
17210
17210
17212
17214
17214
17214
17215
17216
17217
17218
17218
17218
17219
17224
17225
17227
17227
17228
17229
17230
17231
17234
17237
17237
17244
17248
17253
17253
17256
17257
17257
17258
17263
17264
17266
17266
17268
17271
17274
17281
17282
17282
17286
17288
17289
17289
17290
17291
17291
17292
17292
17293
17293
17295
17296
17297
17299
17300
17303
17304
17305
17307
17307
17310
17312
17320
17327
17327
17331
17333
17335
17338
17341
17341
17343
17344
17347
17348
17348
17358
17361
17362
17365
17366
17369
17370
17373
17376
17376
17378
17382
17389
17389
17391
17396
17399
17399
17400
17401
17401
17404
17404
17404
17404
17405
17416
17419
17420
17420
17420
17422
17423
17430
17434
17435
17436
17436
17440
17444
17445
17445
17445
17447
17448
17450
17454
17454
17455
17456
17458
17462
17464
17473
17474
17474
17475
17477
17478
17478
17482
17483
17484
17487
17487
17487
17495
17496
17498
17500
17510
17514
17516
17517
17521
17521
17526
17528
17530
17531
17535
17537
17541
17544
17549
17550
17551
17552
17556
17562
17565
17565
17565
17570
17573
17574
17575
17577
17578
17582
17583
17585
17587
17588
17590
17591
17593
17593
17598
17599
17599
17600
17600
17601
17604
17605
17607
17609
17611
17612
17613
17616
17616
17618
17619
17620
17621
17622
17622
17631
17635
17636
17636
17644
17646
17652
17653
17659
17660
17661
17664
17664
17665
17665
17665
17666
17668
17670
17671
17672
17673
17675
17676
17677
17684
17684
17686
17686
17692
17692
17694
17695
17701
17702
17703
17704
17706
17706
17707
17712
17713
17717
17720
17720
17721
17721
17723
17725
17726
17727
17731
17732
17732
17735
17735
17736
17736
17737
17739
17739
17740
17741
17741
17744
17746
17748
17750
17752
17756
17760
17760
17761
17761
17763
17771
17773
17780
17781
17782
17782
17783
17786
17787
17788
17794
17797
17797
17798
17798
17802
17802
17803
17807
17808
17812
17812
17813
17814
17814
17815
17816
17818
17819
17820
17824
17825
17825
17827
17828
17830
17831
17838
17840
17841
17843
17843
17844
17845
17848
17848
17849
17850
17851
17851
17854
17854
17855
17859
17859
17860
17860
17860
17861
17862
17863
17865
17866
17866
17867
17867
17868
17871
17875
17879
17881
17883
17886
17890
17891
17892
17894
17897
17898
17899
17900
17901
17903
17903
17903
17904
17906
17908
17916
17918
17919
17926
17928
17941
17943
17944
17944
17949
17949
17950
17953
17956
17956
17960
17964
17968
17968
17971
17971
17972
17973
17976
17978
17978
17979
17982
17987
17989
17990
17991
17997
17999
17999
18001
18005
18006
18007
18010
18011
18014
18014
18015
18016
18018
18020
18021
18022
18022
18025
18025
18026
18028
18028
18029
18032
18033
18034
18035
18036
18036
18036
18038
18041
18042
18043
18043
18050
18055
18057
18060
18060
18061
18061
18065
18070
18072
18072
18074
18076
18082
18090
18091
18095
18096
18097
18097
18098
18099
18100
18104
18109
18111
18113
18113
18117
18120
18121
18122
18122
18123
18125
18130
18132
18132
18133
18135
18137
18140
18142
18144
18149
18151
18156
18156
18159
18164
18168
18168
18172
18177
18177
18178
18180
18181
18181
18182
18185
18187
18189
18192
18193
18194
18194
18194
18194
18195
18195
18198
18199
18201
18201
18205
18206
18207
18210
18211
18212
18215
18218
18219
18221
18223
18230
18232
18236
18237
18238
18241
18246
18246
18247
18248
18248
18250
18250
18251
18257
18257
18258
18262
18263
18267
18268
18269
18272
18272
18272
18276
18277
18280
18281
18283
18283
18287
18287
18292
18293
18294
18295
18298
18300
18301
18303
18306
18306
18307
18311
18311
18313
18316
18317
18320
18322
18323
18328
18330
18331
18332
18333
18335
18337
18337
18339
18342
18345
18345
18345
18347
18349
18354
18354
18357
18358
18358
18360
18362
18366
18367
18367
18369
18370
18371
18372
18373
18378
18378
18386
18387
18388
18388
18389
18391
18396
18401
18402
18405
18407
18413
18414
18415
18417
18417
18419
18423
18426
18429
18430
18430
18431
18435
18437
18437
18438
18441
18442
18442
18447
18449
18449
18451
18457
18458
18460
18464
18465
18465
18466
18467
18468
18469
18469
18469
18472
18485
18486
18488
18489
18490
18493
18494
18494
18494
18494
18500
18501
18502
18502
18507
18512
18512
18513
18514
18515
18517
18517
18518
18518
18520
18521
18526
18527
18529
18530
18533
18536
18538
18539
18539
18540
18540
18543
18551
18553
18560
18561
18561
18561
18563
18566
18567
18569
18570
18573
18582
18585
18589
18590
18591
18591
18593
18594
18597
18597
18600
18601
18604
18604
18604
18604
18604
18607
18608
18611
18615
18616
18617
18624
18625
18625
18629
18631
18631
18632
18635
18637
18638
18645
18649
18651
18660
18661
18666
18667
18670
18670
18673
18681
18682
18682
18688
18690
18695
18696
18697
18699
18701
18705
18706
18707
18710
18711
18717
18720
18728
18730
18731
18732
18732
18733
18736
18737
18739
18739
18740
18740
18740
18741
18750
18751
18759
18759
18759
18760
18767
18769
18774
18774
18774
18775
18780
18781
18783
18783
18785
18789
18794
18794
18796
18801
18804
18804
18806
18806
18808
18809
18813
18818
18822
18829
18829
18830
18837
18838
18839
18841
18842
18844
18846
18846
18846
18847
18851
18853
18854
18854
18855
18860
18861
18865
18871
18871
18874
18877
18878
18878
18879
18879
18883
18884
18887
18888
18891
18892
18893
18893
18893
18894
18894
18897
18901
18903
18909
18909
18912
18912
18915
18915
18916
18921
18922
18922
18925
18925
18926
18927
18927
18934
18937
18939
18939
18940
18940
18945
18945
18951
18951
18953
18959
18960
18961
18966
18970
18971
18971
18975
18978
18980
18986
18988
18988
18996
18999
18999
19000
19000
19002
19007
19008
19009
19010
19010
19019
19021
19025
19025
19028
19028
19028
19034
19039
19039
19040
19046
19046
19050
19051
19051
19053
19053
19055
19060
19062
19062
19063
19064
19067
19070
19072
19072
19076
19076
19078
19079
19079
19082
19082
19082
19083
19085
19088
19102
19105
19105
19107
19109
19117
19119
19121
19124
19129
19139
19141
19144
19146
19151
19153
19157
19159
19166
19169
19171
19172
19175
19177
19180
19180
19180
19181
19186
19188
19192
19192
19196
19200
19200
19200
19203
19211
19213
19215
19215
19218
19218
19221
19223
19225
19225
19225
19226
19227
19229
19231
19232
19235
19236
19241
19242
19245
19248
19251
19251
19254
19254
19255
19261
19261
19262
19263
19264
19265
19266
19269
19274
19274
19276
19277
19282
19283
19283
19283
19290
19291
19292
19297
19298
19298
19300
19300
19301
19301
19305
19306
19307
19308
19309
19310
19312
19313
19314
19314
19315
19318
19318
19322
19322
19328
19329
19330
19330
19331
19331
19333
19333
19335
19336
19337
19339
19343
19343
19345
19346
19348
19348
19349
19350
19351
19354
19356
19360
19362
19367
19367
19369
19370
19370
19373
19377
19377
19378
19379
19379
19379
19383
19383
19384
19385
19387
19389
19393
19393
19395
19395
19396
19396
19400
19401
19403
19403
19405
19405
19408
19411
19411
19413
19413
19414
19421
19422
19422
19424
19426
19428
19428
19429
19430
19433
19440
19441
19441
19444
19446
19453
19453
19455
19456
19457
19458
19459
19461
19462
19464
19466
19469
19470
19471
19473
19477
19477
19479
19480
19482
19482
19486
19491
19493
19494
19494
19499
19499
19500
19500
19503
19508
19512
19513
19513
19516
19524
19526
19527
19528
19528
19530
19543
19549
19549
19552
19552
19554
19561
19562
19566
19568
19570
19576
19578
19582
19584
19585
19585
19587
19588
19591
19596
19596
19596
19598
19598
19598
19599
19602
19607
19607
19608
19608
19613
19613
19616
19620
19621
19624
19625
19627
19630
19634
19634
19636
19638
19638
19639
19640
19642
19644
19647
19647
19651
19651
19655
19659
19659
19659
19659
19662
19666
19666
19666
19668
19671
19672
19675
19675
19676
19676
19678
19679
19680
19684
19684
19687
19691
19692
19694
19694
19695
19698
19700
19709
19710
19714
19716
19717
19718
19718
19719
19726
19727
19727
19727
19730
19731
19732
19748
19749
19752
19753
19757
19757
19759
19759
19760
19760
19760
19761
19766
19770
19772
19772
19772
19773
19776
19778
19780
19782
19782
19783
19784
19784
19785
19787
19791
19800
19801
19805
19813
19815
19818
19818
19819
19820
19825
19825
19826
19828
19828
19829
19833
19833
19835
19835
19835
19837
19840
19841
19842
19845
19846
19846
19858
19860
19862
19863
19866
19868
19869
19869
19869
19871
19874
19874
19881
19882
19883
19883
19888
19888
19888
19891
19892
19893
19898
19898
19898
19899
19901
19902
19904
19908
19909
19909
19910
19910
19911
19911
19914
19917
19919
19920
19924
19927
19928
19930
19931
19937
19937
19938
19940
19940
19943
19948
19951
19951
19953
19953
19953
19959
19962
19963
19965
19966
19967
19968
19970
19975
19977
19978
19981
19981
19981
19983
19983
19992
19996
19998