19998
19996
19992
19983
19983
19981
19981
19981
19978
19977
19975
19970
19968
19967
19966
19965
19963
19962
19959
19953
19953
19953
19951
19951
19948
19943
19940
19940
19938
19937
19937
19931
19930
19928
19927
19924
19920
19919
19917
19914
19911
19911
19910
19910
19909
19909
19908
19904
19902
19901
19899
19898
19898
19898
19893
19892
19891
19888
19888
19888
19883
19883
19882
19881
19874
19874
19871
19869
19869
19869
19868
19866
19863
19862
19860
19858
19846
19846
19845
19842
19841
19840
19837
19835
19835
19835
19833
19833
19829
19828
19828
19826
19825
19825
19820
19819
19818
19818
19815
19813
19805
19801
19800
19791
19787
19785
19784
19784
19783
19782
19782
19780
19778
19776
19773
19772
19772
19772
19770
19766
19761
19760
19760
19760
19759
19759
19757
19757
19753
19752
19749
19748
19732
19731
19730
19727
19727
19727
19726
19719
19718
19718
19717
19716
19714
19710
19709
19700
19698
19695
19694
19694
19692
19691
19687
19684
19684
19680
19679
19678
19676
19676
19675
19675
19672
19671
19668
19666
19666
19666
19662
19659
19659
19659
19659
19655
19651
19651
19647
19647
19644
19642
19640
19639
19638
19638
19636
19634
19634
19630
19627
19625
19624
19621
19620
19616
19613
19613
19608
19608
19607
19607
19602
19599
19598
19598
19598
19596
19596
19596
19591
19588
19587
19585
19585
19584
19582
19578
19576
19570
19568
19566
19562
19561
19554
19552
19552
19549
19549
19543
19530
19528
19528
19527
19526
19524
19516
19513
19513
19512
19508
19503
19500
19500
19499
19499
19494
19494
19493
19491
19486
19482
19482
19480
19479
19477
19477
19473
19471
19470
19469
19466
19464
19462
19461
19459
19458
19457
19456
19455
19453
19453
19446
19444
19441
19441
19440
19433
19430
19429
19428
19428
19426
19424
19422
19422
19421
19414
19413
19413
19411
19411
19408
19405
19405
19403
19403
19401
19400
19396
19396
19395
19395
19393
19393
19389
19387
19385
19384
19383
19383
19379
19379
19379
19378
19377
19377
19373
19370
19370
19369
19367
19367
19362
19360
19356
19354
19351
19350
19349
19348
19348
19346
19345
19343
19343
19339
19337
19336
19335
19333
19333
19331
19331
19330
19330
19329
19328
19322
19322
19318
19318
19315
19314
19314
19313
19312
19310
19309
19308
19307
19306
19305
19301
19301
19300
19300
19298
19298
19297
19292
19291
19290
19283
19283
19283
19282
19277
19276
19274
19274
19269
19266
19265
19264
19263
19262
19261
19261
19255
19254
19254
19251
19251
19248
19245
19242
19241
19236
19235
19232
19231
19229
19227
19226
19225
19225
19225
19223
19221
19218
19218
19215
19215
19213
19211
19203
19200
19200
19200
19196
19192
19192
19188
19186
19181
19180
19180
19180
19177
19175
19172
19171
19169
19166
19159
19157
19153
19151
19146
19144
19141
19139
19129
19124
19121
19119
19117
19109
19107
19105
19105
19102
19088
19085
19083
19082
19082
19082
19079
19079
19078
19076
19076
19072
19072
19070
19067
19064
19063
19062
19062
19060
19055
19053
19053
19051
19051
19050
19046
19046
19040
19039
19039
19034
19028
19028
19028
19025
19025
19021
19019
19010
19010
19009
19008
19007
19002
19000
19000
18999
18999
18996
18988
18988
18986
18980
18978
18975
18971
18971
18970
18966
18961
18960
18959
18953
18951
18951
18945
18945
18940
18940
18939
18939
18937
18934
18927
18927
18926
18925
18925
18922
18922
18921
18916
18915
18915
18912
18912
18909
18909
18903
18901
18897
18894
18894
18893
18893
18893
18892
18891
18888
18887
18884
18883
18879
18879
18878
18878
18877
18874
18871
18871
18865
18861
18860
18855
18854
18854
18853
18851
18847
18846
18846
18846
18844
18842
18841
18839
18838
18837
18830
18829
18829
18822
18818
18813
18809
18808
18806
18806
18804
18804
18801
18796
18794
18794
18789
18785
18783
18783
18781
18780
18775
18774
18774
18774
18769
18767
18760
18759
18759
18759
18751
18750
18741
18740
18740
18740
18739
18739
18737
18736
18733
18732
18732
18731
18730
18728
18720
18717
18711
18710
18707
18706
18705
18701
18699
18697
18696
18695
18690
18688
18682
18682
18681
18673
18670
18670
18667
18666
18661
18660
18651
18649
18645
18638
18637
18635
18632
18631
18631
18629
18625
18625
18624
18617
18616
18615
18611
18608
18607
18604
18604
18604
18604
18604
18601
18600
18597
18597
18594
18593
18591
18591
18590
18589
18585
18582
18573
18570
18569
18567
18566
18563
18561
18561
18561
18560
18553
18551
18543
18540
18540
18539
18539
18538
18536
18533
18530
18529
18527
18526
18521
18520
18518
18518
18517
18517
18515
18514
18513
18512
18512
18507
18502
18502
18501
18500
18494
18494
18494
18494
18493
18490
18489
18488
18486
18485
18472
18469
18469
18469
18468
18467
18466
18465
18465
18464
18460
18458
18457
18451
18449
18449
18447
18442
18442
18441
18438
18437
18437
18435
18431
18430
18430
18429
18426
18423
18419
18417
18417
18415
18414
18413
18407
18405
18402
18401
18396
18391
18389
18388
18388
18387
18386
18378
18378
18373
18372
18371
18370
18369
18367
18367
18366
18362
18360
18358
18358
18357
18354
18354
18349
18347
18345
18345
18345
18342
18339
18337
18337
18335
18333
18332
18331
18330
18328
18323
18322
18320
18317
18316
18313
18311
18311
18307
18306
18306
18303
18301
18300
18298
18295
18294
18293
18292
18287
18287
18283
18283
18281
18280
18277
18276
18272
18272
18272
18269
18268
18267
18263
18262
18258
18257
18257
18251
18250
18250
18248
18248
18247
18246
18246
18241
18238
18237
18236
18232
18230
18223
18221
18219
18218
18215
18212
18211
18210
18207
18206
18205
18201
18201
18199
18198
18195
18195
18194
18194
18194
18194
18193
18192
18189
18187
18185
18182
18181
18181
18180
18178
18177
18177
18172
18168
18168
18164
18159
18156
18156
18151
18149
18144
18142
18140
18137
18135
18133
18132
18132
18130
18125
18123
18122
18122
18121
18120
18117
18113
18113
18111
18109
18104
18100
18099
18098
18097
18097
18096
18095
18091
18090
18082
18076
18074
18072
18072
18070
18065
18061
18061
18060
18060
18057
18055
18050
18043
18043
18042
18041
18038
18036
18036
18036
18035
18034
18033
18032
18029
18028
18028
18026
18025
18025
18022
18022
18021
18020
18018
18016
18015
18014
18014
18011
18010
18007
18006
18005
18001
17999
17999
17997
17991
17990
17989
17987
17982
17979
17978
17978
17976
17973
17972
17971
17971
17968
17968
17964
17960
17956
17956
17953
17950
17949
17949
17944
17944
17943
17941
17928
17926
17919
17918
17916
17908
17906
17904
17903
17903
17903
17901
17900
17899
17898
17897
17894
17892
17891
17890
17886
17883
17881
17879
17875
17871
17868
17867
17867
17866
17866
17865
17863
17862
17861
17860
17860
17860
17859
17859
17855
17854
17854
17851
17851
17850
17849
17848
17848
17845
17844
17843
17843
17841
17840
17838
17831
17830
17828
17827
17825
17825
17824
17820
17819
17818
17816
17815
17814
17814
17813
17812
17812
17808
17807
17803
17802
17802
17798
17798
17797
17797
17794
17788
17787
17786
17783
17782
17782
17781
17780
17773
17771
17763
17761
17761
17760
17760
17756
17752
17750
17748
17746
17744
17741
17741
17740
17739
17739
17737
17736
17736
17735
17735
17732
17732
17731
17727
17726
17725
17723
17721
17721
17720
17720
17717
17713
17712
17707
17706
17706
17704
17703
17702
17701
17695
17694
17692
17692
17686
17686
17684
17684
17677
17676
17675
17673
17672
17671
17670
17668
17666
17665
17665
17665
17664
17664
17661
17660
17659
17653
17652
17646
17644
17636
17636
17635
17631
17622
17622
17621
17620
17619
17618
17616
17616
17613
17612
17611
17609
17607
17605
17604
17601
17600
17600
17599
17599
17598
17593
17593
17591
17590
17588
17587
17585
17583
17582
17578
17577
17575
17574
17573
17570
17565
17565
17565
17562
17556
17552
17551
17550
17549
17544
17541
17537
17535
17531
17530
17528
17526
17521
17521
17517
17516
17514
17510
17500
17498
17496
17495
17487
17487
17487
17484
17483
17482
17478
17478
17477
17475
17474
17474
17473
17464
17462
17458
17456
17455
17454
17454
17450
17448
17447
17445
17445
17445
17444
17440
17436
17436
17435
17434
17430
17423
17422
17420
17420
17420
17419
17416
17405
17404
17404
17404
17404
17401
17401
17400
17399
17399
17396
17391
17389
17389
17382
17378
17376
17376
17373
17370
17369
17366
17365
17362
17361
17358
17348
17348
17347
17344
17343
17341
17341
17338
17335
17333
17331
17327
17327
17320
17312
17310
17307
17307
17305
17304
17303
17300
17299
17297
17296
17295
17293
17293
17292
17292
17291
17291
17290
17289
17289
17288
17286
17282
17282
17281
17274
17271
17268
17266
17266
17264
17263
17258
17257
17257
17256
17253
17253
17248
17244
17237
17237
17234
17231
17230
17229
17228
17227
17227
17225
17224
17219
17218
17218
17218
17217
17216
17215
17214
17214
17214
17212
17210
17210
17207
17206
17206
17205
17205
17205
17203
17202
17202
17201
17200
17197
17197
17194
17194
17192
17190
17186
17185
17180
17178
17178
17175
17170
17168
17168
17160
17159
17158
17158
17157
17154
17152
17151
17149
17147
17143
17143
17141
17135
17133
17132
17131
17128
17126
17125
17124
17122
17121
17119
17118
17115
17110
17109
17107
17107
17105
17104
17102
17102
17100
17099
17090
17087
17086
17085
17084
17084
17082
17081
17080
17078
17077
17076
17075
17071
17071
17070
17065
17063
17058
17056
17053
17052
17049
17044
17041
17041
17038
17036
17035
17035
17032
17030
17029
17028
17026
17024
17021
17020
17020
17019
17013
17013
17012
17008
17006
17005
17003
16997
16995
16989
16987
16985
16982
16974
16974
16969
16968
16966
16963
16963
16962
16960
16956
16952
16950
16949
16948
16940
16940
16940
16936
16935
16931
16931
16929
16927
16925
16920
16913
16912
16911
16911
16911
16911
16908
16906
16905
16905
16904
16904
16900
16898
16897
16896
16896
16895
16893
16890
16888
16882
16880
16878
16877
16875
16869
16868
16866
16862
16861
16861
16861
16856
16852
16851
16851
16847
16847
16845
16843
16842
16838
16831
16831
16830
16828
16826
16825
16824
16824
16823
16821
16821
16820
16817
16817
16816
16815
16814
16811
16810
16810
16808
16808
16806
16802
16801
16796
16794
16794
16793
16793
16792
16791
16791
16790
16786
16786
16784
16780
16780
16778
16778
16776
16776
16775
16774
16772
16769
16763
16762
16761
16760
16760
16760
16757
16753
16746
16743
16740
16738
16736
16735
16730
16728
16727
16725
16722
16721
16720
16718
16716
16715
16714
16710
16707
16706
16705
16703
16702
16702
16701
16698
16697
16695
16691
16690
16684
16680
16676
16672
16668
16665
16664
16662
16660
16656
16651
16650
16646
16643
16643
16641
16640
16639
16637
16636
16630
16629
16627
16626
16625
16623
16621
16618
16617
16612
16611
16610
16609
16608
16607
16604
16603
16601
16599
16596
16595
16588
16587
16584
16584
16578
16578
16578
16574
16572
16571
16570
16570
16567
16562
16562
16559
16559
16556
16552
16551
16550
16549
16548
16544
16544
16543
16540
16537
16536
16534
16533
16531
16529
16529
16529
16526
16526
16523
16521
16512
16506
16504
16504
16501
16501
16500
16496
16496
16495
16492
16483
16481
16480
16474
16473
16471
16469
16468
16465
16463
16460
16459
16459
16459
16451
16450
16447
16447
16444
16442
16441
16439
16438
16437
16434
16430
16429
16426
16425
16419
16417
16417
16415
16415
16406
16405
16397
16396
16391
16390
16388
16386
16383
16381
16376
16376
16374
16372
16368
16368
16367
16367
16363
16361
16354
16353
16351
16351
16348
16347
16345
16344
16342
16342
16339
16339
16331
16329
16326
16321
16321
16321
16314
16312
16306
16301
16298
16295
16295
16293
16292
16291
16288
16287
16285
16283
16281
16275
16274
16272
16270
16269
16268
16267
16262
16262
16259
16258
16255
16251
16251
16251
16250
16248
16248
16247
16247
16246
16245
16243
16242
16242
16240
16240
16237
16237
16237
16235
16235
16231
16230
16227
16227
16227
16223
16222
16219
16218
16214
16204
16201
16196
16192
16191
16185
16182
16181
16180
16173
16173
16172
16170
16168
16168
16167
16166
16161
16158
16157
16155
16154
16152
16149
16148
16147
16147
16144
16143
16143
16140
16139
16132
16132
16129
16127
16126
16125
16125
16125
16124
16123
16118
16116
16115
16115
16115
16115
16114
16112
16112
16110
16110
16109
16108
16107
16105
16104
16104
16100
16100
16099
16097
16097
16096
16094
16094
16089
16088
16082
16076
16075
16074
16072
16069
16066
16065
16062
16061
16060
16059
16059
16053
16049
16045
16044
16043
16041
16039
16038
16036
16033
16032
16030
16030
16030
16029
16025
16024
16023
16020
16020
16020
16020
16019
16018
16017
16016
16016
16013
16012
16012
16009
16002
15998
15998
15998
15997
15995
15992
15991
15990
15987
15987
15984
15974
15974
15974
15967
15966
15959
15954
15954
15953
15952
15950
15950
15948
15947
15946
15944
15939
15938
15936
15934
15934
15932
15931
15930
15926
15926
15924
15921
15921
15917
15915
15913
15911
15907
15904
15904
15902
15901
15899
15885
15885
15880
15879
15874
15874
15870
15867
15866
15864
15862
15862
15861
15859
15852
15845
15838
15833
15830
15830
15830
15828
15827
15826
15823
15823
15822
15822
15819
15818
15817
15815
15812
15812
15809
15806
15803
15801
15800
15790
15785
15781
15780
15778
15778
15777
15768
15768
15757
15755
15748
15746
15743
15741
15725
15724
15720
15718
15717
15715
15715
15708
15704
15701
15700
15698
15698
15697
15697
15693
15690
15690
15687
15687
15685
15682
15680
15677
15677
15675
15670
15670
15666
15665
15664
15661
15660
15660
15659
15645
15643
15640
15637
15636
15636
15634
15633
15629
15624
15621
15620
15617
15615
15613
15611
15610
15608
15607
15605
15604
15599
15598
15595
15593
15592
15592
15591
15590
15586
15585
15582
15575
15571
15570
15567
15566
15563
15562
15561
15561
15560
15559
15557
15556
15553
15553
15552
15550
15550
15546
15544
15541
15540
15538
15535
15535
15532
15529
15529
15527
15523
15523
15522
15521
15521
15520
15520
15516
15510
15509
15509
15504
15502
15501
15499
15499
15496
15495
15491
15491
15491
15490
15489
15489
15488
15487
15482
15477
15473
15472
15470
15468
15468
15467
15467
15462
15462
15458
15458
15456
15455
15455
15445
15443
15442
15441
15438
15433
15432
15429
15428
15425
15421
15420
15416
15416
15415
15414
15414
15410
15407
15405
15402
15402
15399
15397
15394
15388
15387
15387
15385
15384
15383
15379
15377
15372
15371
15370
15364
15363
15360
15359
15358
15358
15358
15357
15356
15354
15353
15352
15352
15349
15349
15348
15345
15344
15340
15338
15335
15335
15331
15331
15329
15329
15325
15325
15324
15322
15322
15321
15321
15316
15315
15310
15309
15307
15307
15307
15307
15307
15303
15301
15298
15297
15297
15296
15296
15296
15296
15294
15294
15289
15288
15287
15282
15280
15278
15276
15274
15274
15272
15271
15266
15265
15262
15260
15258
15256
15245
15237
15233
15232
15232
15231
15230
15228
15226
15223
15222
15220
15216
15215
15210
15209
15207
15206
15201
15200
15200
15197
15196
15196
15194
15191
15190
15184
15183
15182
15179
15175
15173
15172
15171
15169
15169
15166
15165
15164
15162
15159
15158
15157
15156
15154
15151
15151
15150
15149
15149
15148
15148
15147
15144
15143
15140
15139
15138
15138
15138
15136
15134
15133
15132
15132
15129
15128
15123
15120
15120
15119
15117
15116
15115
15111
15109
15108
15108
15108
15106
15099
15097
15097
15095
15093
15092
15092
15084
15082
15081
15080
15078
15078
15076
15075
15073
15072
15069
15069
15068
15066
15065
15061
15058
15057
15056
15055
15051
15049
15046
15045
15039
15038
15037
15031
15018
15016
15015
15011
15007
15006
15004
15004
15001
14996
14994
14993
14992
14991
14988
14986
14985
14984
14980
14978
14977
14976
14976
14975
14974
14974
14973
14972
14969
14964
14962
14961
14958
14954
14953
14947
14947
14932
14931
14931
14928
14926
14923
14921
14920
14917
14916
14915
14915
14914
14914
14914
14910
14910
14908
14907
14906
14905
14904
14901
14900
14900
14897
14897
14895
14891
14886
14883
14882
14882
14880
14878
14876
14874
14874
14874
14866
14866
14865
14865
14864
14859
14859
14856
14855
14854
14854
14854
14852
14848
14848
14844
14844
14842
14841
14837
14835
14834
14828
14826
14825
14824
14819
14818
14816
14815
14814
14813
14812
14811
14811
14809
14808
14805
14803
14802
14800
14800
14798
14797
14795
14795
14794
14791
14790
14786
14782
14781
14780
14778
14777
14777
14777
14777
14776
14775
14771
14770
14769
14769
14768
14763
14763
14761
14761
14760
14757
14756
14754
14752
14750
14747
14744
14743
14741
14738
14736
14734
14731
14731
14730
14728
14728
14726
14726
14723
14722
14720
14719
14713
14710
14708
14705
14702
14702
14702
14696
14694
14686
14684
14680
14672
14672
14671
14671
14669
14668
14667
14665
14664
14664
14662
14661
14660
14657
14653
14652
14650
14647
14647
14646
14646
14643
14643
14641
14634
14632
14631
14625
14619
14616
14616
14615
14614
14614
14612
14610
14610
14608
14606
14606
14604
14598
14597
14595
14595
14595
14590
14589
14587
14587
14586
14584
14581
14581
14575
14573
14570
14570
14570
14569
14569
14568
14568
14565
14565
14565
14564
14564
14560
14558
14558
14556
14556
14554
14550
14546
14540
14539
14539
14539
14534
14526
14523
14519
14519
14518
14514
14512
14508
14507
14507
14501
14500
14498
14497
14496
14494
14494
14494
14492
14491
14485
14483
14481
14478
14477
14477
14476
14476
14474
14474
14471
14468
14465
14463
14458
14456
14454
14453
14446
14445
14445
14443
14443
14443
14441
14441
14440
14440
14438
14437
14437
14435
14433
14432
14432
14431
14429
14428
14424
14420
14419
14416
14415
14413
14413
14410
14407
14407
14399
14399
14396
14396
14393
14390
14388
14386
14384
14384
14382
14371
14370
14370
14368
14368
14365
14363
14362
14361
14360
14358
14358
14357
14354
14354
14352
14352
14351
14347
14347
14347
14344
14341
14334
14333
14332
14331
14330
14324
14323
14322
14308
14305
14304
14302
14299
14294
14294
14292
14290
14289
14289
14288
14285
14283
14281
14279
14278
14277
14276
14273
14272
14271
14271
14271
14270
14270
14269
14268
14268
14267
14262
14259
14257
14254
14252
14251
14247
14247
14247
14246
14246
14245
14244
14242
14241
14241
14240
14240
14239
14238
14237
14236
14227
14223
14214
14214
14211
14211
14210
14207
14207
14206
14206
14205
14205
14204
14202
14202
14201
14201
14195
14193
14192
14191
14191
14188
14186
14184
14183
14183
14181
14180
14175
14171
14169
14166
14162
14162
14161
14160
14156
14154
14152
14145
14141
14136
14135
14134
14132
14124
14122
14118
14116
14115
14114
14111
14110
14108
14108
14108
14106
14106
14104
14104
14104
14101
14100
14096
14095
14094
14094
14093
14093
14092
14091
14091
14090
14090
14090
14089
14088
14085
14080
14076
14074
14064
14062
14061
14059
14054
14053
14052
14051
14051
14051
14043
14043
14040
14040
14036
14035
14035
14032
14031
14029
14027
14025
14024
14021
14014
14012
14011
14009
14005
14004
14001
13998
13997
13995
13993
13991
13989
13985
13984
13982
13980
13980
13977
13976
13975
13975
13973
13973
13972
13970
13967
13966
13966
13966
13964
13961
13958
13957
13954
13952
13952
13946
13946
13946
13942
13940
13937
13936
13936
13933
13932
13931
13930
13924
13924
13922
13919
13918
13916
13915
13913
13912
13910
13908
13907
13906
13904
13900
13899
13897
13895
13894
13894
13892
13887
13886
13886
13878
13876
13876
13873
13870
13866
13864
13862
13861
13855
13852
13851
13846
13844
13844
13843
13840
13839
13834
13833
13831
13830
13830
13829
13828
13825
13824
13822
13821
13820
13816
13816
13814
13812
13812
13811
13807
13806
13801
13796
13795
13795
13793
13786
13786
13784
13784
13781
13779
13776
13776
13776
13773
13770
13766
13764
13761
13759
13757
13755
13753
13750
13749
13749
13747
13745
13743
13741
13738
13738
13731
13728
13727
13726
13722
13721
13718
13716
13714
13712
13709
13700
13700
13699
13698
13698
13694
13693
13691
13690
13690
13689
13688
13685
13683
13679
13679
13678
13674
13671
13668
13667
13666
13665
13664
13662
13656
13653
13653
13652
13652
13651
13650
13647
13647
13646
13644
13641
13640
13638
13637
13637
13636
13636
13635
13630
13629
13629
13626
13623
13623
13623
13622
13620
13617
13617
13615
13614
13612
13611
13610
13610
13610
13610
13609
13608
13605
13604
13603
13600
13593
13592
13591
13586
13585
13580
13579
13571
13570
13565
13564
13557
13556
13555
13554
13551
13549
13543
13540
13540
13536
13531
13530
13526
13517
13514
13513
13513
13512
13511
13510
13507
13504
13503
13502
13499
13498
13496
13494
13492
13487
13484
13481
13480
13479
13477
13474
13472
13468
13467
13467
13465
13462
13461
13455
13451
13450
13449
13446
13444
13440
13439
13435
13430
13429
13427
13424
13423
13420
13416
13413
13407
13407
13407
13406
13405
13404
13404
13402
13398
13394
13393
13391
13391
13390
13390
13389
13379
13378
13378
13376
13372
13365
13357
13352
13351
13350
13348
13347
13345
13344
13343
13343
13340
13339
13338
13337
13336
13336
13334
13334
13330
13329
13324
13323
13323
13319
13313
13306
13305
13303
13302
13300
13296
13295
13293
13291
13289
13288
13286
13280
13277
13276
13275
13273
13273
13272
13271
13268
13267
13267
13266
13260
13260
13258
13255
13255
13250
13248
13247
13244
13244
13242
13237
13236
13234
13234
13232
13231
13228
13228
13227
13225
13223
13222
13221
13218
13216
13215
13214
13213
13212
13207
13204
13200
13195
13195
13194
13191
13191
13190
13190
13187
13184
13182
13181
13180
13179
13177
13175
13174
13173
13171
13168
13166
13163
13160
13157
13157
13154
13147
13146
13145
13143
13140
13135
13135
13134
13131
13131
13130
13129
13123
13121
13119
13118
13118
13113
13113
13111
13111
13110
13110
13108
13107
13100
13093
13092
13092
13091
13089
13085
13081
13080
13080
13079
13079
13079
13075
13064
13062
13061
13058
13054
13053
13053
13048
13048
13046
13043
13043
13036
13025
13023
13022
13022
13021
13021
13014
13007
12997
12997
12993
12992
12989
12989
12988
12984
12982
12981
12980
12980
12979
12978
12976
12975
12973
12972
12972
12971
12969
12965
12965
12962
12962
12962
12957
12955
12945
12944
12941
12941
12941
12933
12925
12925
12925
12918
12918
12915
12913
12911
12910
12909
12908
12907
12907
12906
12901
12900
12900
12899
12899
12892
12892
12889
12886
12886
12885
12882
12880
12879
12878
12878
12877
12875
12871
12867
12867
12865
12864
12860
12859
12856
12856
12854
12852
12847
12847
12845
12844
12843
12841
12841
12840
12838
12838
12835
12834
12833
12833
12833
12832
12832
12821
12821
12820
12820
12812
12812
12811
12810
12808
12807
12806
12801
12796
12792
12792
12791
12786
12785
12783
12782
12779
12778
12778
12767
12766
12766
12762
12761
12761
12751
12751
12751
12748
12747
12744
12744
12739
12738
12735
12734
12729
12729
12726
12726
12718
12705
12705
12697
12691
12685
12683
12682
12680
12680
12679
12673
12672
12672
12671
12671
12671
12671
12666
12665
12662
12662
12661
12661
12659
12659
12656
12656
12653
12651
12648
12647
12644
12644
12643
12642
12640
12640
12639
12633
12629
12624
12623
12620
12619
12614
12613
12605
12601
12596
12591
12590
12588
12587
12585
12583
12583
12580
12579
12579
12578
12577
12576
12571
12571
12568
12566
12564
12554
12554
12549
12546
12541
12540
12537
12537
12537
12535
12533
12526
12519
12515
12513
12512
12505
12505
12502
12501
12501
12498
12497
12496
12495
12493
12492
12486
12485
12485
12483
12482
12480
12480
12479
12477
12476
12475
12475
12474
12474
12473
12473
12468
12468
12462
12461
12460
12459
12459
12458
12451
12447
12445
12438
12438
12435
12416
12414
12413
12409
12407
12404
12404
12404
12403
12402
12401
12401
12399
12398
12395
12395
12394
12394
12393
12392
12392
12390
12389
12388
12387
12382
12381
12380
12376
12374
12371
12369
12367
12367
12365
12360
12356
12353
12351
12350
12346
12343
12343
12343
12342
12337
12337
12336
12334
12334
12333
12329
12326
12323
12310
12305
12305
12303
12301
12301
12299
12298
12298
12294
12291
12288
12287
12285
12284
12283
12282
12280
12276
12272
12271
12269
12269
12268
12267
12266
12263
12261
12261
12259
12258
12257
12256
12247
12247
12245
12243
12242
12241
12240
12234
12233
12233
12227
12226
12225
12224
12221
12220
12220
12219
12218
12218
12216
12213
12212
12211
12209
12207
12207
12198
12197
12195
12194
12191
12191
12188
12186
12186
12184
12181
12180
12179
12179
12171
12170
12166
12165
12159
12159
12156
12155
12152
12152
12150
12149
12141
12140
12138
12136
12135
12134
12133
12133
12131
12131
12129
12128
12127
12126
12126
12120
12117
12117
12115
12115
12114
12110
12108
12108
12105
12104
12101
12097
12096
12094
12094
12093
12091
12091
12091
12091
12090
12090
12089
12085
12080
12079
12075
12073
12072
12071
12070
12070
12069
12069
12067
12067
12066
12065
12060
12059
12058
12057
12056
12052
12047
12045
12044
12044
12044
12042
12041
12036
12032
12030
12029
12027
12027
12025
12022
12020
12018
12017
12015
12011
12010
12008
12006
12003
12002
12000
11999
11991
11991
11991
11989
11989
11982
11981
11981
11978
11978
11977
11975
11972
11972
11965
11964
11963
11960
11959
11958
11953
11952
11951
11943
11942
11942
11941
11940
11934
11933
11933
11932
11930
11926
11924
11924
11921
11919
11918
11914
11913
11909
11909
11897
11892
11892
11892
11892
11888
11886
11882
11882
11880
11879
11874
11874
11873
11869
11868
11863
11857
11857
11851
11849
11848
11848
11845
11843
11840
11840
11838
11835
11835
11833
11827
11825
11824
11824
11819
11819
11817
11816
11813
11812
11812
11811
11809
11809
11808
11806
11802
11798
11796
11794
11793
11789
11789
11784
11784
11779
11779
11771
11767
11766
11765
11764
11763
11761
11759
11757
11757
11754
11748
11747
11747
11745
11743
11742
11740
11736
11735
11734
11733
11732
11729
11727
11724
11722
11722
11722
11721
11721
11720
11719
11712
11709
11707
11705
11702
11700
11700
11699
11695
11695
11691
11690
11690
11684
11683
11683
11683
11681
11681
11681
11679
11677
11677
11676
11675
11673
11672
11671
11671
11669
11656
11656
11654
11653
11650
11649
11648
11646
11645
11645
11643
11642
11641
11641
11639
11638
11635
11634
11629
11624
11624
11623
11619
11619
11618
11618
11616
11614
11614
11612
11612
11610
11608
11608
11607
11605
11601
11599
11596
11595
11595
11593
11592
11591
11589
11588
11587
11586
11585
11584
11582
11580
11580
11576
11575
11575
11574
11571
11570
11567
11566
11561
11561
11560
11558
11557
11557
11551
11550
11547
11547
11545
11544
11538
11535
11535
11530
11529
11527
11526
11524
11519
11514
11514
11513
11508
11507
11502
11497
11494
11490
11488
11486
11482
11482
11482
11480
11480
11479
11479
11478
11476
11475
11473
11473
11469
11468
11465
11460
11459
11458
11458
11456
11455
11454
11454
11453
11452
11449
11446
11444
11444
11443
11438
11435
11431
11430
11430
11427
11425
11423
11422
11420
11408
11406
11402
11399
11394
11393
11393
11392
11391
11389
11384
11379
11377
11373
11372
11371
11370
11366
11361
11360
11357
11357
11356
11356
11356
11354
11352
11351
11351
11350
11349
11346
11346
11341
11338
11337
11333
11333
11331
11329
11329
11325
11322
11322
11319
11315
11313
11312
11304
11303
11302
11301
11301
11301
11300
11294
11291
11291
11290
11290
11289
11287
11282
11281
11279
11278
11267
11265
11263
11263
11254
11251
11250
11246
11243
11240
11239
11238
11236
11234
11234
11232
11231
11230
11227
11227
11226
11224
11222
11218
11216
11215
11215
11214
11213
11212
11211
11211
11207
11206
11206
11206
11203
11202
11201
11198
11198
11197
11191
11191
11188
11186
11185
11183
11182
11180
11178
11178
11178
11175
11174
11171
11170
11169
11167
11165
11164
11163
11162
11158
11158
11157
11156
11156
11155
11152
11150
11148
11145
11141
11139
11136
11134
11128
11127
11127
11126
11123
11120
11118
11116
11115
11111
11108
11107
11105
11103
11102
11096
11093
11090
11089
11089
11089
11087
11087
11079
11078
11077
11075
11074
11071
11068
11068
11067
11065
11064
11057
11056
11053
11053
11050
11050
11048
11044
11044
11043
11041
11038
11038
11036
11031
11029
11026
11025
11023
11020
11017
11016
11015
11013
11012
11012
11012
11009
11008
11007
11003
11003
11002
10999
10998
10998
10997
10997
10995
10989
10987
10985
10984
10981
10981
10980
10977
10976
10971
10968
10966
10962
10962
10955
10954
10954
10954
10951
10947
10946
10945
10944
10944
10941
10940
10940
10939
10937
10936
10935
10934
10933
10927
10927
10927
10925
10923
10923
10918
10912
10912
10908
10906
10906
10904
10904
10899
10893
10893
10891
10887
10885
10882
10881
10881
10881
10879
10878
10876
10872
10869
10864
10861
10860
10858
10858
10855
10854
10851
10849
10849
10849
10848
10846
10846
10845
10843
10840
10840
10832
10829
10826
10825
10825
10824
10816
10814
10814
10811
10807
10806
10806
10805
10804
10800
10799
10798
10796
10795
10792
10784
10783
10782
10781
10778
10776
10769
10767
10766
10765
10762
10759
10759
10758
10758
10755
10755
10750
10747
10746
10744
10744
10743
10740
10740
10739
10734
10733
10732
10727
10724
10723
10722
10720
10719
10717
10716
10716
10715
10715
10714
10707
10705
10700
10698
10698
10696
10693
10692
10691
10687
10680
10677
10676
10676
10672
10670
10669
10669
10667
10662
10661
10661
10661
10656
10655
10654
10653
10653
10652
10646
10646
10644
10644
10644
10644
10643
10641
10637
10630
10628
10627
10625
10623
10621
10619
10614
10613
10613
10612
10611
10609
10606
10605
10604
10599
10598
10594
10593
10588
10586
10586
10585
10584
10579
10577
10577
10576
10573
10573
10572
10572
10571
10570
10566
10566
10565
10563
10562
10561
10558
10554
10553
10552
10551
10550
10550
10547
10546
10545
10545
10541
10538
10538
10538
10530
10529
10527
10526
10519
10518
10514
10509
10508
10507
10507
10499
10497
10496
10495
10494
10491
10488
10488
10479
10476
10475
10470
10466
10465
10465
10462
10462
10460
10458
10454
10453
10449
10447
10446
10444
10443
10437
10429
10428
10425
10424
10423
10416
10409
10407
10406
10404
10399
10392
10385
10382
10382
10377
10375
10375
10374
10374
10373
10373
10372
10370
10369
10361
10359
10357
10354
10351
10350
10347
10346
10343
10339
10332
10332
10332
10332
10330
10327
10320
10318
10318
10318
10317
10313
10309
10307
10306
10304
10303
10297
10297
10295
10294
10293
10293
10292
10292
10291
10286
10285
10285
10284
10276
10275
10271
10270
10268
10266
10266
10264
10260
10259
10257
10257
10251
10250
10246
10245
10244
10244
10238
10237
10236
10232
10231
10231
10231
10224
10223
10222
10222
10221
10211
10209
10208
10206
10202
10201
10198
10195
10192
10190
10190
10189
10187
10186
10182
10182
10180
10180
10179
10178
10175
10175
10173
10173
10172
10167
10166
10164
10164
10163
10163
10161
10156
10155
10153
10153
10152
10151
10150
10150
10149
10145
10144
10144
10138
10138
10137
10136
10135
10134
10131
10126
10126
10125
10125
10125
10122
10122
10120
10118
10114
10113
10113
10112
10108
10104
10103
10100
10098
10096
10095
10095
10094
10093
10092
10091
10088
10087
10087
10087
10084
10083
10081
10080
10079
10074
10071
10066
10065
10064
10058
10056
10056
10054
10054
10051
10050
10050
10048
10046
10043
10031
10031
10030
10029
10025
10021
10020
10018
10016
10015
10014
10009
10005
10003
10002
10000
9997
9993
9987
9985
9983
9983
9982
9980
9973
9966
9964
9963
9961
9961
9961
9960
9959
9959
9957
9957
9954
9948
9944
9941
9929
9929
9927
9920
9919
9915
9914
9913
9911
9911
9910
9907
9907
9905
9902
9899
9898
9897
9897
9895
9893
9892
9891
9886
9883
9881
9878
9874
9872
9871
9868
9860
9857
9856
9855
9854
9848
9844
9843
9842
9841
9838
9834
9834
9831
9830
9828
9827
9826
9825
9822
9816
9811
9811
9806
9804
9803
9797
9796
9793
9790
9785
9783
9773
9772
9769
9767
9763
9761
9759
9756
9756
9748
9744
9741
9739
9736
9732
9732
9732
9727
9723
9723
9722
9718
9714
9710
9708
9707
9705
9704
9704
9701
9700
9699
9698
9696
9695
9690
9690
9690
9686
9682
9678
9671
9671
9668
9665
9665
9664
9662
9660
9657
9657
9655
9652
9651
9650
9648
9645
9642
9639
9636
9634
9634
9632
9631
9630
9630
9624
9624
9624
9623
9623
9622
9619
9616
9614
9614
9613
9613
9613
9612
9607
9605
9605
9603
9602
9600
9599
9597
9597
9596
9596
9594
9590
9587
9587
9585
9585
9580
9579
9576
9574
9572
9569
9569
9566
9563
9562
9562
9556
9554
9553
9550
9550
9546
9542
9542
9540
9540
9539
9537
9535
9531
9530
9527
9524
9523
9521
9519
9517
9516
9513
9513
9509
9504
9504
9499
9496
9496
9495
9494
9491
9491
9490
9486
9486
9484
9484
9483
9482
9481
9481
9480
9479
9473
9473
9471
9470
9468
9468
9465
9464
9460
9458
9458
9457
9457
9456
9455
9452
9449
9448
9447
9446
9445
9443
9438
9437
9434
9431
9428
9428
9428
9423
9423
9422
9421
9417
9414
9411
9411
9409
9406
9405
9403
9403
9400
9400
9400
9400
9396
9396
9395
9394
9393
9391
9390
9389
9388
9388
9388
9385
9383
9382
9382
9382
9378
9378
9377
9374
9372
9369
9367
9366
9365
9362
9358
9357
9345
9344
9343
9343
9343
9343
9341
9337
9337
9335
9333
9332
9330
9330
9330
9330
9318
9315
9313
9313
9311
9308
9308
9307
9304
9302
9297
9296
9295
9293
9293
9292
9289
9285
9284
9280
9280
9279
9279
9278
9277
9274
9273
9272
9270
9269
9266
9263
9257
9253
9252
9251
9249
9248
9247
9246
9244
9243
9238
9236
9232
9232
9232
9229
9222
9222
9222
9221
9214
9210
9209
9204
9199
9199
9198
9196
9195
9195
9195
9194
9194
9193
9193
9188
9184
9184
9182
9178
9176
9174
9173
9169
9166
9165
9164
9164
9164
9163
9162
9161
9159
9159
9156
9152
9151
9151
9150
9150
9150
9146
9144
9142
9141
9141
9139
9134
9132
9124
9119
9119
9117
9114
9110
9106
9102
9098
9097
9095
9088
9087
9085
9084
9080
9079
9075
9074
9073
9069
9069
9066
9066
9065
9065
9061
9059
9058
9056
9056
9054
9047
9047
9044
9044
9041
9038
9036
9036
9031
9029
9026
9024
9022
9021
9020
9017
9011
9011
9006
9004
9003
9002
9002
9001
8998
8990
8988
8976
8974
8973
8968
8966
8964
8961
8961
8957
8957
8957
8954
8950
8948
8947
8945
8945
8944
8944
8939
8935
8935
8934
8932
8931
8931
8926
8924
8924
8922
8921
8920
8920
8919
8914
8911
8910
8909
8908
8907
8906
8905
8905
8905
8893
8892
8891
8889
8887
8884
8881
8879
8878
8877
8874
8873
8869
8869
8867
8865
8863
8862
8861
8859
8857
8856
8855
8854
8853
8850
8843
8842
8841
8839
8833
8831
8829
8828
8826
8822
8821
8814
8812
8812
8811
8811
8810
8808
8805
8805
8796
8795
8794
8793
8793
8790
8790
8788
8787
8786
8785
8784
8779
8779
8776
8775
8774
8774
8764
8762
8760
8760
8759
8758
8754
8752
8752
8751
8748
8747
8746
8746
8742
8741
8741
8740
8736
8731
8730
8728
8724
8724
8722
8719
8718
8716
8716
8714
8710
8710
8708
8707
8704
8703
8701
8699
8698
8694
8693
8692
8690
8690
8688
8685
8682
8679
8678
8677
8675
8669
8667
8664
8656
8656
8652
8647
8646
8646
8643
8640
8640
8639
8638
8638
8631
8629
8626
8625
8614
8608
8608
8607
8607
8605
8602
8600
8598
8595
8594
8591
8587
8587
8585
8585
8585
8583
8581
8581
8579
8579
8577
8575
8575
8574
8574
8573
8572
8570
8568
8560
8559
8559
8559
8557
8555
8555
8554
8553
8546
8545
8545
8539
8538
8535
8535
8534
8534
8532
8531
8530
8525
8525
8524
8521
8514
8513
8513
8512
8508
8506
8505
8502
8498
8497
8495
8492
8491
8490
8485
8485
8480
8479
8478
8478
8477
8475
8472
8470
8469
8469
8467
8465
8463
8462
8460
8459
8457
8457
8454
8453
8449
8446
8445
8444
8443
8440
8438
8436
8434
8427
8427
8425
8425
8424
8418
8416
8415
8415
8415
8414
8413
8413
8413
8405
8403
8402
8402
8402
8402
8402
8401
8401
8398
8398
8396
8395
8393
8393
8390
8390
8389
8387
8382
8381
8380
8380
8378
8376
8375
8370
8369
8367
8362
8359
8354
8354
8351
8351
8349
8348
8346
8345
8343
8339
8338
8334
8333
8330
8329
8322
8320
8319
8318
8317
8317
8315
8311
8310
8309
8309
8306
8300
8299
8298
8296
8294
8294
8293
8293
8292
8292
8286
8286
8285
8285
8284
8284
8280
8280
8278
8277
8273
8273
8271
8270
8267
8266
8262
8261
8259
8259
8258
8256
8255
8253
8250
8248
8248
8247
8245
8244
8242
8240
8240
8239
8239
8238
8237
8234
8232
8231
8231
8227
8226
8221
8220
8218
8216
8211
8206
8204
8204
8202
8201
8200
8198
8198
8197
8195
8195
8193
8193
8191
8189
8189
8186
8183
8180
8178
8177
8176
8173
8172
8170
8168
8166
8165
8162
8160
8159
8159
8158
8156
8156
8155
8155
8150
8149
8142
8141
8140
8140
8138
8135
8133
8130
8129
8123
8122
8121
8119
8118
8117
8115
8114
8113
8112
8112
8112
8108
8106
8104
8103
8103
8102
8098
8098
8096
8091
8090
8090
8088
8087
8086
8085
8083
8081
8079
8073
8070
8066
8066
8057
8055
8050
8046
8045
8042
8040
8039
8036
8036
8035
8034
8030
8028
8027
8025
8024
8024
8023
8021
8018
8014
8013
8012
8007
8006
8006
8005
8003
8003
7999
7995
7990
7988
7987
7983
7982
7982
7980
7979
7971
7969
7969
7965
7965
7963
7960
7960
7954
7948
7944
7943
7940
7940
7935
7934
7932
7931
7930
7929
7929
7925
7924
7922
7919
7918
7915
7915
7914
7914
7912
7912
7911
7911
7908
7905
7901
7895
7889
7884
7882
7882
7877
7877
7876
7872
7871
7871
7870
7868
7868
7867
7867
7865
7861
7860
7860
7859
7852
7852
7851
7849
7848
7845
7844
7842
7842
7841
7840
7837
7837
7836
7835
7835
7833
7832
7831
7829
7826
7824
7822
7819
7818
7818
7814
7814
7813
7809
7807
7807
7804
7802
7801
7797
7789
7782
7775
7771
7758
7757
7757
7754
7752
7752
7748
7745
7743
7737
7735
7734
7734
7733
7733
7731
7728
7725
7725
7724
7722
7720
7719
7718
7717
7715
7713
7706
7706
7705
7704
7702
7699
7691
7690
7690
7689
7689
7687
7686
7683
7678
7678
7676
7674
7672
7672
7669
7666
7661
7656
7656
7656
7655
7650
7646
7645
7645
7645
7643
7632
7631
7630
7627
7624
7622
7620
7619
7619
7618
7617
7617
7616
7616
7615
7611
7609
7607
7605
7605
7604
7602
7598
7593
7592
7589
7586
7585
7585
7585
7580
7579
7578
7576
7568
7565
7564
7564
7562
7561
7561
7558
7556
7552
7551
7551
7550
7548
7547
7544
7540
7539
7535
7534
7533
7532
7532
7532
7530
7529
7529
7527
7526
7525
7522
7521
7518
7516
7515
7514
7513
7510
7508
7507
7507
7506
7504
7501
7501
7500
7499
7497
7497
7496
7496
7496
7494
7491
7489
7489
7488
7486
7481
7481
7480
7479
7478
7477
7475
7472
7472
7472
7471
7471
7467
7465
7464
7463
7462
7461
7456
7454
7452
7450
7448
7447
7446
7444
7443
7443
7440
7436
7433
7433
7431
7431
7424
7422
7419
7415
7415
7413
7413
7408
7407
7407
7404
7404
7401
7400
7399
7399
7396
7393
7391
7389
7389
7388
7388
7387
7385
7378
7375
7375
7372
7371
7367
7367
7364
7363
7363
7362
7361
7358
7355
7353
7352
7350
7349
7347
7345
7340
7339
7338
7337
7334
7333
7332
7331
7327
7324
7322
7318
7318
7318
7318
7317
7315
7315
7310
7307
7306
7306
7305
7301
7299
7298
7294
7292
7292
7290
7289
7287
7283
7280
7276
7275
7274
7274
7273
7273
7273
7271
7271
7268
7266
7264
7264
7262
7256
7252
7248
7246
7244
7244
7244
7243
7239
7236
7236
7234
7234
7227
7223
7222
7217
7208
7208
7207
7206
7203
7201
7198
7197
7195
7193
7193
7191
7190
7186
7186
7176
7174
7173
7169
7169
7165
7163
7162
7162
7161
7160
7159
7159
7153
7153
7152
7145
7143
7138
7138
7137
7137
7135
7135
7133
7132
7131
7131
7126
7126
7125
7124
7123
7119
7119
7112
7107
7106
7105
7101
7099
7098
7097
7092
7079
7078
7077
7076
7074
7074
7074
7073
7072
7072
7070
7067
7066
7058
7058
7053
7052
7052
7050
7049
7048
7048
7045
7045
7044
7040
7039
7036
7034
7033
7031
7030
7026
7024
7023
7023
7022
7021
7018
7016
7016
7007
7004
7004
7002
6999
6998
6998
6997
6989
6987
6981
6978
6977
6976
6975
6974
6974
6971
6970
6969
6966
6965
6964
6956
6955
6954
6953
6951
6945
6944
6944
6942
6940
6938
6936
6936
6935
6931
6928
6928
6928
6924
6921
6920
6916
6915
6911
6909
6908
6907
6906
6906
6905
6903
6902
6899
6899
6897
6897
6896
6896
6894
6890
6890
6888
6887
6884
6884
6883
6882
6879
6876
6875
6873
6872
6870
6869
6867
6867
6866
6864
6863
6861
6859
6857
6856
6853
6852
6843
6842
6837
6837
6833
6831
6828
6827
6825
6824
6821
6816
6809
6807
6803
6799
6794
6794
6792
6788
6786
6786
6786
6786
6786
6784
6782
6782
6781
6777
6777
6776
6775
6774
6772
6768
6766
6763
6762
6761
6759
6757
6756
6753
6753
6752
6750
6750
6750
6747
6747
6740
6738
6737
6736
6734
6730
6728
6728
6728
6728
6726
6722
6722
6722
6721
6720
6717
6715
6711
6707
6706
6706
6706
6705
6702
6702
6701
6701
6699
6698
6697
6692
6691
6691
6689
6688
6686
6686
6685
6683
6682
6677
6674
6673
6668
6665
6661
6654
6654
6650
6648
6647
6646
6645
6642
6638
6638
6637
6635
6632
6632
6631
6631
6630
6626
6625
6622
6621
6619
6617
6606
6606
6602
6601
6600
6599
6599
6598
6595
6594
6593
6591
6589
6587
6586
6584
6583
6581
6580
6577
6577
6576
6574
6572
6571
6570
6567
6565
6563
6559
6559
6558
6556
6554
6551
6550
6549
6546
6541
6541
6541
6540
6539
6534
6532
6531
6530
6530
6528
6528
6527
6526
6526
6525
6525
6522
6521
6515
6511
6511
6510
6508
6507
6507
6505
6505
6504
6503
6500
6499
6493
6493
6492
6492
6490
6488
6484
6481
6479
6476
6476
6474
6467
6463
6460
6459
6457
6454
6453
6451
6450
6449
6448
6444
6441
6438
6437
6437
6436
6434
6432
6431
6430
6427
6426
6425
6425
6421
6419
6417
6412
6407
6407
6405
6403
6401
6397
6394
6393
6392
6388
6387
6385
6384
6381
6380
6378
6376
6372
6371
6370
6370
6366
6366
6365
6362
6350
6348
6347
6346
6344
6343
6343
6339
6338
6331
6330
6330
6329
6325
6324
6324
6317
6314
6313
6307
6303
6302
6294
6292
6289
6285
6282
6281
6278
6278
6277
6277
6275
6275
6272
6272
6270
6270
6268
6266
6265
6262
6261
6260
6259
6257
6256
6255
6252
6250
6248
6245
6241
6240
6240
6239
6237
6237
6235
6231
6230
6230
6228
6227
6226
6225
6225
6222
6222
6217
6216
6215
6213
6212
6210
6203
6202
6202
6199
6198
6193
6190
6190
6188
6187
6179
6178
6178
6178
6177
6176
6175
6175
6174
6174
6173
6172
6171
6169
6167
6167
6165
6162
6162
6161
6159
6157
6154
6153
6153
6150
6150
6148
6147
6145
6144
6142
6141
6138
6137
6135
6134
6131
6129
6122
6121
6118
6118
6109
6109
6104
6099
6098
6093
6093
6092
6090
6088
6086
6084
6079
6075
6073
6072
6072
6072
6068
6067
6064
6062
6059
6059
6057
6056
6055
6054
6050
6050
6049
6049
6046
6046
6044
6040
6039
6039
6039
6036
6030
6024
6019
6019
6017
6016
6015
6013
6009
6008
6004
6004
6001
5999
5999
5996
5990
5990
5987
5986
5984
5977
5977
5970
5969
5964
5962
5961
5960
5959
5955
5954
5954
5953
5953
5949
5949
5948
5948
5947
5946
5943
5943
5943
5941
5941
5939
5938
5938
5936
5934
5934
5927
5927
5923
5919
5918
5916
5916
5911
5911
5907
5904
5903
5902
5901
5900
5900
5895
5886
5886
5882
5877
5876
5874
5870
5869
5863
5861
5861
5860
5857
5856
5856
5856
5854
5852
5852
5852
5847
5847
5845
5841
5841
5840
5837
5835
5835
5834
5831
5829
5827
5827
5825
5821
5820
5816
5811
5811
5810
5805
5804
5802
5801
5800
5799
5796
5795
5793
5792
5788
5788
5787
5787
5781
5781
5779
5777
5776
5775
5773
5765
5764
5761
5760
5759
5758
5755
5752
5750
5742
5741
5739
5736
5736
5735
5732
5729
5728
5726
5723
5722
5721
5721
5718
5714
5712
5709
5704
5700
5700
5700
5698
5697
5692
5691
5688
5682
5679
5678
5676
5675
5674
5674
5673
5673
5667
5663
5663
5656
5656
5650
5648
5647
5645
5641
5640
5638
5636
5634
5633
5629
5628
5624
5623
5622
5620
5615
5614
5605
5603
5600
5598
5598
5597
5597
5596
5592
5588
5582
5580
5576
5575
5575
5572
5571
5571
5564
5563
5562
5559
5553
5551
5551
5549
5548
5544
5543
5542
5542
5541
5540
5538
5537
5536
5534
5533
5531
5531
5529
5528
5527
5526
5524
5524
5514
5513
5512
5505
5504
5502
5500
5493
5488
5486
5484
5476
5475
5473
5472
5471
5471
5468
5468
5467
5465
5465
5459
5457
5451
5449
5448
5447
5445
5445
5444
5444
5444
5444
5443
5439
5437
5434
5433
5432
5429
5428
5426
5423
5422
5419
5414
5409
5408
5408
5407
5407
5405
5402
5398
5393
5391
5391
5390
5388
5386
5385
5385
5385
5385
5380
5379
5378
5378
5377
5376
5376
5372
5371
5369
5365
5364
5362
5360
5359
5359
5352
5351
5350
5349
5347
5347
5347
5342
5337
5336
5332
5331
5326
5326
5325
5325
5324
5323
5322
5318
5316
5314
5309
5306
5304
5304
5302
5299
5299
5287
5287
5282
5278
5276
5273
5273
5272
5271
5271
5270
5269
5268
5265
5265
5263
5261
5259
5259
5259
5258
5257
5253
5249
5247
5246
5243
5243
5239
5238
5234
5232
5232
5228
5228
5227
5225
5220
5217
5216
5213
5212
5210
5208
5207
5196
5193
5190
5187
5186
5186
5183
5181
5179
5179
5171
5170
5167
5167
5161
5160
5159
5159
5158
5157
5155
5154
5153
5148
5148
5146
5145
5145
5145
5142
5141
5140
5140
5137
5133
5130
5125
5124
5123
5122
5121
5120
5117
5116
5115
5115
5114
5114
5114
5113
5113
5112
5108
5106
5106
5097
5082
5074
5072
5069
5067
5066
5063
5061
5060
5057
5057
5057
5055
5053
5051
5050
5049
5048
5048
5047
5046
5045
5043
5039
5038
5037
5034
5033
5033
5033
5031
5031
5029
5026
5025
5022
5019
5012
5008
5004
4999
4999
4996
4995
4993
4986
4985
4983
4982
4982
4981
4981
4980
4980
4977
4977
4975
4975
4974
4970
4970
4968
4966
4963
4961
4957
4955
4949
4948
4945
4941
4937
4937
4937
4937
4936
4934
4932
4929
4928
4925
4925
4920
4919
4914
4912
4910
4909
4909
4907
4907
4899
4886
4886
4884
4883
4882
4878
4874
4872
4871
4864
4864
4863
4860
4858
4857
4856
4856
4852
4842
4840
4839
4839
4838
4838
4834
4833
4830
4827
4826
4825
4825
4820
4817
4816
4816
4815
4811
4807
4807
4806
4803
4800
4799
4795
4793
4790
4789
4788
4788
4787
4787
4783
4778
4777
4776
4776
4774
4770
4768
4767
4766
4765
4763
4762
4761
4761
4760
4759
4758
4758
4758
4757
4747
4743
4741
4738
4730
4728
4725
4725
4724
4724
4723
4722
4720
4719
4712
4710
4705
4704
4703
4700
4700
4699
4696
4694
4693
4691
4691
4689
4682
4681
4676
4676
4668
4667
4666
4664
4663
4659
4658
4655
4655
4652
4649
4648
4643
4641
4641
4640
4639
4638
4635
4633
4632
4629
4629
4629
4628
4626
4626
4625
4624
4619
4618
4618
4614
4613
4612
4609
4609
4609
4608
4605
4605
4604
4597
4594
4592
4591
4588
4580
4577
4576
4576
4575
4573
4566
4565
4563
4563
4556
4555
4555
4551
4551
4551
4551
4550
4549
4547
4542
4541
4540
4539
4536
4536
4532
4532
4529
4528
4527
4526
4524
4522
4519
4519
4515
4513
4512
4508
4507
4504
4501
4499
4492
4492
4492
4492
4489
4488
4487
4481
4480
4476
4474
4471
4466
4465
4461
4461
4458
4458
4456
4449
4449
4449
4448
4448
4445
4443
4443
4442
4439
4433
4431
4428
4426
4425
4425
4422
4418
4418
4416
4414
4413
4413
4413
4413
4410
4410
4409
4407
4405
4403
4400
4400
4399
4393
4393
4386
4381
4380
4377
4377
4373
4372
4371
4370
4367
4362
4360
4357
4356
4355
4355
4353
4352
4349
4347
4343
4342
4341
4338
4334
4326
4324
4322
4321
4316
4315
4314
4310
4309
4302
4302
4295
4294
4292
4291
4290
4288
4286
4286
4281
4278
4276
4274
4274
4274
4272
4269
4269
4268
4266
4265
4265
4265
4264
4263
4263
4262
4260
4260
4258
4257
4257
4254
4252
4250
4245
4243
4242
4238
4236
4233
4232
4232
4230
4229
4228
4227
4226
4225
4225
4222
4222
4218
4217
4216
4214
4213
4210
4207
4203
4202
4198
4195
4195
4188
4187
4186
4186
4184
4182
4181
4181
4179
4176
4172
4168
4167
4163
4158
4153
4152
4146
4144
4142
4142
4139
4139
4138
4132
4129
4128
4126
4123
4122
4122
4118
4118
4117
4116
4114
4101
4101
4100
4098
4098
4097
4093
4092
4091
4088
4087
4084
4082
4080
4080
4080
4078
4076
4076
4074
4074
4073
4070
4069
4068
4062
4060
4058
4058
4056
4054
4050
4050
4050
4049
4048
4046
4044
4043
4042
4036
4033
4031
4030
4029
4028
4027
4023
4021
4019
4016
4014
4012
4000
4000
3999
3997
3994
3990
3990
3990
3988
3987
3978
3978
3976
3976
3974
3974
3971
3968
3967
3967
3963
3961
3961
3960
3956
3954
3951
3949
3949
3948
3948
3947
3945
3944
3943
3943
3941
3940
3935
3933
3930
3929
3927
3927
3925
3924
3920
3914
3911
3909
3907
3904
3902
3901
3899
3898
3897
3894
3890
3890
3887
3882
3882
3880
3877
3875
3872
3871
3870
3870
3865
3863
3863
3863
3863
3862
3862
3860
3857
3855
3852
3851
3846
3838
3834
3831
3831
3824
3821
3819
3816
3816
3815
3811
3808
3807
3805
3804
3802
3800
3800
3799
3796
3783
3781
3781
3777
3773
3772
3769
3768
3768
3765
3762
3762
3761
3760
3758
3757
3755
3754
3753
3752
3749
3749
3748
3747
3747
3746
3745
3744
3743
3739
3738
3737
3737
3736
3735
3735
3735
3728
3726
3723
3722
3721
3720
3720
3719
3718
3715
3714
3713
3712
3712
3709
3708
3706
3704
3703
3701
3699
3693
3692
3681
3680
3679
3678
3678
3677
3676
3673
3672
3671
3670
3668
3665
3663
3663
3662
3658
3658
3656
3651
3650
3648
3646
3646
3643
3639
3639
3637
3629
3628
3627
3627
3627
3626
3626
3624
3624
3623
3622
3621
3621
3619
3618
3617
3616
3616
3613
3607
3605
3603
3596
3594
3594
3592
3589
3588
3588
3588
3585
3584
3582
3581
3579
3566
3566
3566
3554
3553
3552
3549
3547
3544
3538
3537
3534
3533
3528
3528
3526
3525
3525
3524
3523
3518
3515
3511
3508
3507
3505
3505
3504
3498
3497
3489
3487
3487
3486
3486
3483
3483
3481
3481
3480
3479
3478
3478
3478
3477
3476
3475
3472
3470
3470
3461
3456
3452
3452
3451
3451
3450
3441
3441
3436
3435
3432
3431
3429
3428
3419
3417
3417
3416
3412
3412
3411
3411
3410
3410
3408
3405
3404
3401
3401
3398
3397
3397
3397
3395
3394
3391
3386
3385
3384
3382
3382
3378
3378
3377
3373
3365
3365
3363
3361
3358
3358
3358
3353
3346
3346
3344
3342
3339
3329
3327
3327
3326
3325
3325
3320
3317
3310
3309
3307
3307
3305
3296
3296
3296
3295
3295
3290
3288
3284
3280
3279
3278
3277
3274
3270
3270
3266
3264
3260
3256
3252
3250
3248
3247
3247
3245
3244
3239
3236
3236
3227
3221
3221
3220
3215
3215
3210
3206
3205
3203
3202
3202
3202
3200
3199
3198
3197
3194
3192
3191
3191
3188
3188
3188
3186
3184
3181
3181
3180
3179
3178
3176
3175
3173
3171
3170
3166
3166
3165
3164
3162
3154
3153
3150
3149
3147
3147
3145
3142
3140
3134
3131
3130
3128
3128
3123
3119
3119
3117
3115
3115
3115
3115
3114
3112
3112
3109
3108
3107
3105
3105
3104
3099
3095
3088
3088
3088
3083
3081
3079
3078
3075
3070
3070
3068
3065
3064
3062
3061
3061
3059
3058
3058
3054
3054
3054
3053
3051
3050
3050
3050
3050
3048
3046
3045
3039
3038
3037
3032
3029
3027
3026
3026
3025
3024
3022
3021
3021
3021
3020
3019
3017
3016
3015
3015
3015
3014
3012
3010
3009
3008
3003
2999
2999
2996
2995
2993
2992
2989
2989
2989
2985
2976
2975
2974
2972
2970
2968
2967
2963
2963
2962
2961
2952
2950
2944
2943
2939
2939
2938
2937
2937
2936
2934
2934
2932
2932
2929
2927
2926
2923
2922
2920
2920
2919
2919
2918
2917
2915
2915
2914
2912
2912
2911
2910
2908
2907
2905
2897
2896
2886
2885
2879
2878
2877
2876
2873
2869
2868
2864
2864
2856
2856
2856
2854
2853
2849
2847
2846
2846
2844
2844
2842
2842
2841
2840
2840
2839
2837
2836
2836
2835
2832
2829
2828
2828
2827
2826
2823
2823
2821
2818
2814
2808
2803
2802
2802
2802
2800
2798
2796
2796
2792
2791
2786
2783
2782
2780
2777
2775
2773
2772
2771
2768
2759
2755
2755
2754
2754
2751
2747
2745
2740
2738
2733
2731
2729
2729
2729
2729
2725
2723
2721
2719
2712
2711
2706
2702
2695
2694
2694
2691
2690
2688
2688
2686
2683
2679
2676
2674
2671
2670
2669
2666
2666
2662
2659
2656
2652
2650
2650
2646
2644
2642
2642
2640
2637
2635
2628
2628
2626
2624
2624
2623
2622
2615
2614
2611
2611
2610
2610
2606
2603
2600
2600
2598
2597
2589
2588
2585
2578
2577
2575
2574
2574
2574
2572
2572
2572
2570
2563
2558
2557
2556
2555
2555
2551
2548
2547
2545
2544
2541
2538
2537
2535
2527
2525
2524
2523
2523
2522
2520
2515
2513
2511
2511
2510
2502
2497
2491
2489
2489
2488
2487
2487
2486
2479
2479
2478
2478
2477
2476
2475
2473
2472
2472
2472
2469
2468
2467
2467
2466
2466
2466
2465
2464
2459
2458
2457
2454
2454
2453
2447
2445
2443
2441
2437
2433
2428
2426
2422
2420
2419
2419
2419
2417
2417
2415
2414
2413
2405
2400
2400
2398
2397
2391
2390
2389
2387
2383
2383
2382
2381
2380
2379
2378
2376
2376
2374
2364
2364
2362
2360
2360
2360
2358
2358
2358
2358
2357
2357
2356
2351
2350
2349
2348
2341
2340
2335
2335
2333
2332
2331
2331
2330
2327
2326
2320
2320
2317
2317
2313
2312
2310
2309
2306
2305
2304
2301
2298
2298
2297
2293
2291
2291
2289
2288
2281
2281
2281
2280
2278
2278
2276
2276
2274
2272
2267
2267
2264
2264
2255
2252
2246
2246
2245
2242
2242
2240
2235
2234
2230
2229
2228
2222
2214
2207
2204
2202
2196
2196
2188
2181
2175
2171
2166
2164
2163
2159
2158
2154
2153
2153
2152
2148
2144
2143
2140
2140
2139
2137
2137
2137
2136
2132
2128
2126
2123
2122
2119
2118
2118
2115
2114
2114
2111
2111
2111
2111
2111
2110
2108
2104
2103
2102
2100
2097
2094
2092
2085
2085
2084
2084
2082
2081
2079
2077
2074
2072
2071
2070
2064
2061
2061
2060
2059
2054
2054
2052
2050
2050
2047
2044
2043
2043
2041
2039
2037
2034
2034
2033
2031
2030
2030
2029
2026
2018
2012
2010
2007
2006
2006
2005
2005
2004
2004
2003
1999
1994
1990
1989
1989
1985
1981
1981
1980
1979
1975
1975
1973
1972
1971
1970
1963
1963
1960
1953
1953
1951
1951
1950
1942
1940
1936
1935
1935
1932
1929
1925
1922
1921
1920
1917
1917
1916
1908
1906
1906
1906
1904
1904
1904
1902
1901
1899
1897
1893
1892
1888
1880
1880
1879
1873
1872
1869
1869
1866
1866
1865
1865
1863
1863
1861
1861
1860
1857
1857
1856
1856
1853
1851
1847
1847
1840
1831
1831
1828
1826
1825
1824
1823
1823
1819
1818
1817
1812
1812
1810
1806
1800
1793
1793
1793
1793
1792
1785
1785
1785
1784
1776
1770
1769
1767
1766
1758
1758
1757
1756
1755
1753
1751
1750
1748
1744
1742
1737
1737
1734
1731
1731
1730
1729
1727
1726
1723
1721
1715
1711
1710
1708
1706
1706
1706
1700
1696
1695
1695
1694
1691
1684
1683
1682
1681
1678
1671
1671
1668
1666
1665
1661
1661
1658
1657
1657
1657
1655
1654
1650
1649
1647
1641
1636
1634
1633
1629
1628
1625
1625
1622
1621
1618
1617
1610
1609
1607
1607
1607
1604
1603
1602
1602
1600
1600
1599
1598
1596
1593
1591
1589
1587
1585
1582
1579
1577
1576
1575
1574
1573
1573
1572
1571
1570
1569
1566
1566
1562
1558
1557
1555
1553
1553
1552
1545
1540
1539
1539
1537
1536
1536
1535
1535
1531
1530
1530
1528
1526
1525
1523
1522
1521
1517
1516
1514
1514
1514
1511
1506
1505
1503
1502
1501
1501
1500
1493
1493
1492
1485
1483
1481
1480
1479
1477
1473
1471
1471
1470
1469
1468
1467
1467
1465
1458
1456
1454
1454
1449
1447
1444
1442
1440
1439
1437
1433
1430
1429
1426
1426
1426
1425
1421
1421
1420
1418
1413
1411
1411
1410
1410
1410
1407
1407
1407
1406
1406
1405
1402
1402
1401
1398
1398
1393
1389
1387
1387
1386
1383
1381
1381
1380
1379
1378
1376
1373
1372
1372
1371
1369
1369
1362
1361
1359
1357
1356
1353
1352
1351
1350
1347
1344
1343
1342
1340
1339
1338
1333
1333
1331
1331
1329
1328
1328
1327
1326
1326
1324
1323
1319
1318
1317
1315
1315
1313
1312
1308
1305
1304
1303
1300
1297
1294
1293
1293
1289
1287
1285
1284
1283
1282
1278
1278
1268
1267
1266
1265
1264
1262
1261
1260
1259
1257
1256
1252
1246
1238
1238
1237
1235
1235
1234
1234
1228
1228
1227
1225
1224
1220
1216
1216
1216
1209
1208
1207
1206
1206
1202
1201
1198
1198
1194
1193
1191
1190
1189
1188
1187
1185
1183
1180
1180
1179
1176
1172
1172
1170
1169
1166
1163
1155
1148
1146
1145
1144
1143
1143
1139
1138
1138
1137
1136
1136
1133
1133
1131
1130
1125
1119
1117
1115
1105
1103
1103
1101
1098
1098
1097
1097
1095
1094
1093
1092
1091
1088
1086
1086
1081
1080
1080
1079
1079
1078
1077
1075
1071
1071
1069
1067
1067
1059
1058
1058
1049
1044
1044
1041
1041
1040
1030
1028
1024
1023
1022
1022
1019
1018
1017
1017
1015
1015
1014
1013
1013
1013
1012
1011
1011
1011
1004
1004
999
997
993
991
990
989
988
985
983
983
982
980
979
979
977
974
971
969
967
962
956
953
952
949
942
941
939
936
934
930
929
920
920
916
915
911
910
904
901
900
899
896
884
881
880
880
880
879
879
874
874
872
872
870
869
869
869
866
866
864
860
857
857
856
853
852
850
848
847
846
845
843
841
840
839
839
836
836
836
833
832
832
829
827
827
826
823
821
819
818
815
815
814
813
810
809
808
807
807
805
802
798
797
796
796
792
792
791
786
777
776
776
773
773
772
771
771
771
769
767
764
764
761
760
760
759
757
752
752
751
751
749
748
746
745
738
737
736
735
733
732
729
727
726
726
723
723
723
721
720
717
713
713
710
706
706
702
693
691
690
682
678
675
670
670
668
665
664
659
654
652
652
652
650
644
642
642
639
638
636
634
632
631
631
626
624
622
619
617
613
613
611
604
604
602
601
599
598
592
589
589
588
583
583
580
579
579
577
577
576
576
575
571
570
568
567
566
565
564
564
562
561
561
560
560
560
558
555
550
549
548
546
541
538
538
535
530
527
526
524
524
523
517
517
517
515
515
513
512
508
503
498
498
497
491
489
487
486
485
485
484
484
484
480
479
479
475
468
465
464
462
459
456
456
452
442
441
439
432
431
424
421
421
421
419
418
418
416
412
410
409
406
403
403
399
398
398
396
395
391
390
388
386
386
383
381
380
380
371
370
369
368
364
364
362
360
360
359
358
355
353
352
352
350
350
348
347
347
344
341
337
336
334
330
327
325
325
324
324
324
322
321
317
310
310
308
303
300
299
298
296
293
289
289
288
284
284
281
278
278
274
273
273
273
271
265
259
258
254
251
250
248
241
240
238
237
235
230
229
229
227
225
224
223
222
215
214
213
212
211
211
211
210
209
209
208
208
207
206
204
204
204
204
203
199
198
195
195
193
193
193
192
191
188
187
186
185
185
184
183
183
182
179
171
171
167
165
159
155
153
152
150
148
146
146
145
143
141
136
136
135
134
131
131
128
127
127
123
120
119
117
116
115
115
112
110
109
107
106
105
104
104
103
97
95
94
93
89
88
88
87
87
87
85
85
84
83
80
79
76
75
72
71
63
63
62
62
61
60
52
51
50
48
45
44
43
42
41
38
35
30
22
21
20
20
15
14
11
6
6
6
5
1
1
1