3706
15359
7422
10981
1278
14874
8811
14271
2489
16147
8309
10644
18391
9151
19888
18986
11808
6977
146
15590
10558
186
6099
6397
13181
11123
10374
17291
14961
3450
10734
2511
1015
6230
18518
19882
813
2777
18065
1557
4416
16786
15201
6799
14371
12497
13513
8639
10887
12672
8879
11612
17665
8905
362
3401
15670
10112
16529
977
2426
19082
9825
17798
16911
8115
8764
17943
16618
9434
6782
1831
13215
19139
12197
13557
1860
13900
14514
5615
6837
12766
18536
2557
14604
10318
14702
17851
17348
10563
19930
7720
2691
11727
14299
2466
19283
12152
10293
4080
786
6831
6171
19899
5901
6654
17474
10135
9458
1577
12247
12389
5097
63
16100
19292
9150
19277
16536
6699
14498
3497
12941
14445
934
8736
15640
15407
967
4576
7045
9372
14508
10630
15197
497
4883
15099
827
1103
4580
17230
19613
14440
14736
7943
3026
10179
9362
10494
916
14435
16574
4050
19482
19312
13640
9164
1442
18804
7268
19801
5037
12498
4349
18469
2175
16550
4609
8050
11178
1351
6728
1138
18529
13135
12381
7867
12989
7165
10126
9184
9929
19225
11490
2706
9579
6049
13846
16363
18553
18072
1079
19218
2472
3976
14795
13699
2454
15926
19339
13975
6903
9619
3489
13828
11547
15924
18388
14014
10724
3119
15282
18194
6902
17404
2351
5597
2331
13776
6079
16020
13716
2729
13980
4757
10232
910
15162
8559
5473
8714
6362
241
274
1906
2537
16843
2419
2856
2276
19718
16227
19333
6449
13698
8245
16584
10495
16127
7186
9624
10912
237
9162
2196
15746
4882
17535
7350
14777
4310
17788
5471
19727
7585
2754
9163
85
12224
12734
16856
10149
16391
7689
2037
11721
13617
8935
1960
12971
16562
7203
10551
5723
9022
17526
7126
19732
4857
135
5990
459
18070
13993
10715
8698
15385
14539
12091
4815
4532
13946
2383
213
4565
18940
4422
15509
12010
18625
14662
17686
12973
8591
2005
17288
17401
4925
14564
12673
4393
4641
17815
1013
2814
17761
9247
15665
5364
7674
11057
11202
2585
19405
11932
17565
7884
19602
14813
4439
6150
17541
5347
7053
11278
991
15120
3130
10672
10244
17664
579
3626
17401
16123
14242
11857
9790
6084
17741
14458
11455
9645
10424
7098
8843
19924
14211
6875
1264
14410
2976
5124
2644
15598
15166
13474
8532
15097
9232
9585
2382
18097
10292
15432
5544
3860
5154
8475
561
2061
15143
1410
16684
8703
4360
632
18813
193
2242
14322
7153
15011
8939
17099
16702
9556
9516
7271
11748
9044
17918
8085
4098
15358
14035
16875
19613
3260
13280
17076
9878
6072
8334
19727
19263
13833
10740
4000
6245
6227
17756
17665
18465
14897
18563
8119
6453
9964
8472
15582
6999
1904
8924
11813
7809
17122
15954
1402
1628
10508
8375
9929
15429
9302
19639
5788
165
8873
19124
17739
19082
2364
5750
4919
5402
7616
12583
13656
18980
2476
16301
8425
12785
11848
10908
5269
10805
11811
4263
13177
3997
2842
7036
17838
13135
12614
17787
15822
14051
9385
16612
12294
6121
2911
12090
10878
10346
18292
7176
19770
12925
1751
9668
8640
11025
14156
10266
8395
8346
12633
15704
8449
3880
2320
4080
17819
15322
13131
19840
14777
5082
7264
5117
6001
8859
1092
15462
13610
1770
13855
17420
16361
10382
8786
2103
8747
11690
284
9337
15196
7058
17405
15438
41
9513
9899
14900
8349
13350
3441
14702
19726
11575
11127
14975
10676
11513
15717
6417
10399
16463
4668
6161
13313
3305
19499
14798
17892
17814
8333
13023
18951
9458
1633
4487
8463
3198
12735
3670
11116
1071
7527
17802
3887
14110
11331
19598
17891
17721
3508
1148
11989
3417
15866
8195
19218
18121
6451
9146
17748
15138
13620
14358
11639
12404
8285
16949
8646
16242
14769
3967
2356
9308
12501
4676
8390
1071
18601
6178
5378
11675
8505
14780
10739
3184
16810
14878
10297
8585
2856
13430
14443
6869
3012
18016
8785
2729
3015
7239
12909
8595
5159
4524
13234
18926
7452
7125
9803
188
12680
1525
14051
12910
3070
1257
14610
14396
303
19383
14590
9251
1888
16043
10339
6786
13075
15864
4188
13549
2544
6457
17293
9542
10087
17389
5268
2575
654
5423
7914
1657
15823
9613
1207
1208
11919
10507
13922
13061
13329
8003
8396
18194
10904
15538
5736
456
12333
15068
15880
9209
1017
11605
17737
8893
16032
19700
17455
7656
13973
11156
13348
1700
18342
11888
8238
19835
13930
14684
11623
9486
6421
18345
15108
11012
16012
2995
4816
12549
17292
15128
9599
11174
2144
8277
16061
560
16069
13347
6998
19820
112
599
979
2759
1723
5336
5788
17903
1080
10005
3651
19591
16097
18251
9400
19837
18043
18871
18561
12672
1387
10661
3872
13862
13834
5755
13796
735
5325
12666
9428
12945
5033
12101
3436
2650
8177
1502
12718
18011
7931
14790
19226
1193
15535
8812
1145
1727
11747
13936
10840
7407
5106
11089
13816
5385
11886
11071
7743
652
2782
16676
12108
14494
16272
8413
1879
5232
18201
7236
13897
2070
16544
3566
7318
13966
5939
5919
3199
19300
4626
14223
3757
14432
12629
2140
16625
767
2792
2588
9119
1238
839
3320
5253
8545
7699
14384
16762
171
14053
13324
5122
19759
19835
2597
12094
19411
874
19446
8675
9914
10893
4290
13145
15472
18909
12150
3621
16267
14612
7107
5465
5776
18223
9330
5148
1080
330
3990
8877
5391
6635
12580
3429
8066
14976
19911
19385
17281
19608
10382
6631
6387
17024
12080
3123
14111
11683
6589
16023
15387
17867
4128
5033
2074
12766
3104
5600
2327
2768
10781
10604
14819
4722
11963
4763
337
18060
17812
6292
12020
11315
11702
116
13296
13919
7070
19211
17746
1776
15768
3181
1011
3616
17843
4274
18739
12291
14201
19298
5726
16030
19491
5247
8168
48
19336
19314
18247
6289
12751
7982
6525
7835
18804
18269
4258
19625
836
19953
5019
13467
7273
9483
19180
15288
14491
11141
8389
17898
9289
13932
8920
11535
17109
6683
5816
19040
11619
15624
5444
9270
16441
10306
19909
18405
1381
4043
3624
11926
6843
11743
10984
16769
14331
16790
3528
310
6481
13721
1469
2513
19070
17290
10079
6507
760
18396
8678
4260
3401
1011
18250
16017
14519
8926
13912
11322
391
3954
17218
5856
12451
13271
13652
2721
13214
17692
18149
7262
19898
14393
12778
2876
14570
19403
3202
3154
11158
562
204
4322
7138
88
19291
19274
11361
7048
6343
4605
1531
19951
6762
8559
5210
8497
17537
18638
11031
2992
8367
11989
13157
19009
19596
11570
1398
2755
3470
3411
4117
13195
2097
208
1437
17735
4448
1067
14108
4806
7508
2158
10361
12992
9002
14211
8427
9834
15321
17052
14667
15948
17894
13906
2123
44
16838
17005
13276
16143
6803
13286
12258
7622
11874
5804
10669
4326
479
6907
10566
3722
969
1040
5257
16608
10545
19245
10190
16354
11524
12656
1406
10385
5
1629
4765
2376
6425
6056
17044
13267
6050
18298
4513
8555
15815
10881
10944
9119
4728
8694
14661
7835
2114
4618
14809
15867
4046
18682
9540
4588
17078
9540
17085
18468
6863
4529
19389
769
1170
15934
3902
2437
723
14384
15184
8469
10470
9642
11108
3016
19362
11435
18164
6203
949
8189
6213
5852
10163
8296
5465
3280
2836
4324
6924
9773
5781
2137
3325
17006
16623
7521
12267
18660
9763
17653
2666
3112
5125
16245
7731
1695
12761
12738
10692
16778
16483
4550
2922
13946
5299
19354
12269
11576
4021
3325
15520
10593
9428
9624
7018
13048
18530
12679
7607
16020
6248
16417
6165
10570
298
18014
589
1742
9580
12613
18042
18839
17813
7954
2108
18257
7870
1501
18925
12537
9274
18741
15861
1847
12834
10088
5407
12438
10758
5153
2989
11118
1661
15354
2974
512
11608
19552
14722
4044
9985
13258
8587
4418
9088
3863
6774
8201
19350
1936
6890
9623
6510
11346
14124
16584
10716
18681
16288
9961
16603
9479
1535
9883
1086
13831
1922
13053
8096
17484
9085
1493
7840
9222
10720
11211
14352
16460
8042
16109
745
2929
18036
14254
14358
14259
3701
8195
14080
11771
1456
555
3202
2844
13423
6784
5902
11322
1521
18874
9114
17565
19414
16251
2828
16962
16792
16743
9117
6434
12665
16952
6974
6503
12697
11213
16447
16351
6859
5378
3662
3949
13190
18038
12091
14750
16548
1044
9150
11360
10122
6153
18345
17976
18697
18720
2278
13323
2915
11087
13942
6331
2989
19552
10294
10425
8699
4689
10565
6419
5541
12820
19791
17192
8752
10778
6272
6169
13952
3410
2181
10806
15562
12017
16381
10646
17203
12907
6593
127
19072
4216
19053
3248
5691
10661
14587
15458
18133
4693
4591
2878
6046
2084
6072
7244
19370
17296
6270
12128
9390
4093
9831
4252
17660
2466
13825
13118
16911
12810
8292
3815
19676
7529
3676
229
19927
549
3544
880
16248
14643
16469
19196
5259
10656
1602
4195
8855
4443
6674
19783
14333
13079
16214
15859
11892
2383
13340
5212
14184
8788
4705
13110
16115
14631
1305
5157
2912
4974
19800
14632
8822
16715
2688
7334
5273
8231
16468
18774
17582
1785
19527
18241
13498
4799
5764
17544
12070
3327
17613
9590
3064
19866
15216
4605
10586
6476
10428
19919
18970
424
103
3628
9535
15092
10613
6786
7530
17086
12882
6786
14476
6964
15233
16763
4097
19082
14106
6188
11614
6370
16248
14441
15561
19251
8387
7860
2246
12751
1756
10811
485
8390
15335
16935
8821
16810
3951
10125
10518
10550
3353
14526
9343
19333
15051
6210
5476
18539
14932
17600
1359
18591
16780
10407
7852
7264
14268
18472
19630
3753
6237
5721
3061
17585
10637
4202
4400
16180
6388
17307
16351
3053
7561
17464
12382
9194
11372
1224
15136
2738
9065
18673
11068
840
17257
14835
19647
12807
751
1133
15078
2522
12875
2572
11567
13908
6381
16013
1327
17320
8445
19330
9443
16559
9097
10454
14794
12298
1784
3239
15222
19129
15974
901
3911
12984
15529
3746
15206
6870
15724
2993
5869
16830
5572
3549
12091
18172
19480
17400
14962
920
18901
18451
14433
15335
17266
14257
12540
10018
4655
8935
4663
16730
16181
3377
773
4925
16126
5831
10087
8581
11596
12847
17186
1180
18945
16480
4899
3119
18449
13878
7669
15559
8906
18999
14818
16396
18543
18469
5861
3079
1041
11182
12519
4703
17289
3816
9457
2381
19055
10858
11909
18591
3194
2064
8919
8197
15358
10370
11250
2417
7161
2033
3752
16940
19883
11458
15806
8320
7227
13336
19008
1609
1810
2856
2018
613
18539
14686
2773
517
14001
18521
13688
4858
1289
14581
4341
14985
588
6884
12155
5821
8135
152
12027
19845
410
14483
6944
15677
11145
1098
87
9232
8460
9600
18331
611
8178
13517
12392
13852
9473
2166
9490
12833
19459
2832
9920
14240
15592
13664
19261
524
12138
18878
17215
15633
5142
14958
13722
19192
17668
10173
13954
12867
9061
2293
2054
15065
17644
13398
19171
211
386
10303
6147
2523
9997
15260
5787
17591
19337
15915
10120
17310
911
12476
2349
18272
15055
19290
1425
565
8914
7143
19892
17341
7532
1467
7375
14825
10332
9886
9011
18177
4413
19464
13946
12624
503
5960
9150
13121
6261
12620
11616
7576
183
15280
7632
15207
10769
8869
6899
17102
11452
2577
1657
3175
1587
12069
10550
8605
736
12808
5113
19731
6122
14816
17577
5688
19028
12854
8261
11643
12392
14915
11338
14247
7034
18283
6427
2115
18122
14660
15183
16415
3181
4681
6559
16969
15620
11909
6777
12671
210
3518
1600
11972
12535
13776
2413
8810
12435
1077
13179
17727
19757
18006
14595
15256
9651
1344
9278
564
9652
18441
7472
4286
16936
16820
71
11366
7842
10437
11784
9838
14864
3147
16607
10359
13293
11952
16168
3994
17257
1081
1851
15084
1505
5779
4278
6403
13191
13022
8854
179
2555
395
17827
18879
6619
13462
10190
8495
15414
16760
19931
207
15416
16529
1380
16868
1706
2188
1828
11251
18357
5179
6921
15664
15904
13668
17999
18515
18156
8079
15228
2280
383
3816
11754
14866
5792
5437
6532
15307
15196
9695
16780
16578
14653
18250
17217
9481
9698
16218
13512
2077
9188
2548
1493
9871
4912
18238
16904
598
12564
12460
15301
17622
17604
4613
2207
16125
17248
18651
9164
9423
5270
5698
11170
7929
11868
6701
2235
13637
14135
16140
2803
3475
953
16158
1418
8524
388
4050
7690
6788
7292
2264
11191
13372
185
10538
8425
4179
11673
412
6190
17008
12843
9165
12578
6786
8957
17343
14910
2082
88
17866
13204
10150
7586
14726
7789
13477
6174
3397
14268
5048
19787
14481
19313
7963
14191
12226
222
18854
398
18055
11645
3831
18884
7504
6567
3416
4449
5700
12832
8176
14734
16697
3925
14597
10285
18561
18801
19396
4126
4541
11473
95
13496
10759
19692
16831
6763
9377
11352
13472
7719
2454
2360
9868
7645
12065
12889
15149
10497
5514
10029
13975
1137
15458
3317
14363
12241
13319
11012
8572
11013
6278
5066
12993
8867
16691
6647
9330
19833
2052
836
6266
1407
12820
6825
6019
9963
990
2751
18631
12184
17448
771
2917
19169
1866
18711
7872
17038
8692
17773
4116
2963
2688
10936
8102
729
13260
6365
16417
19264
14294
5046
17194
4575
19028
15223
6587
5829
14454
359
7119
10538
18090
9966
3581
2840
14507
7940
3956
7678
17454
18789
9980
9393
16533
273
10009
9767
2477
4050
4886
1098
19188
19328
7506
9074
19998
14104
18032
9285
4281
11357
17744
15593
17964
2003
4373
5796
8402
8646
8444
7602
225
9293
11087
5638
7275
9895
16643
16610
4666
7391
8478
12474
1857
5761
19322
1353
2967
1216
2844
18518
10904
3296
17593
2910
12980
7024
14428
19225
12821
9874
15523
17274
3673
16596
5472
7443
1138
2847
10064
4245
915
4295
4316
12395
5954
5704
15818
18246
3838
18733
10462
4738
12117
639
16878
465
9523
1589
15309
3062
16166
6093
11840
16321
18212
4203
2420
18060
7717
15987
12305
4426
7273
1625
17013
15541
11794
7133
3250
2031
7516
16793
10137
8418
16571
10231
6809
3412
4413
18502
19494
6697
5592
8036
19213
17841
1304
2840
17370
1004
9332
11535
18732
141
51
17723
5039
16281
3178
14710
11930
15455
9229
5656
2137
14914
11148
12135
5271
6722
9383
7627
4413
4719
11026
2635
7152
15383
6705
8934
4152
15636
11732
8237
9395
19223
9297
6775
1503
12221
7039
12094
9142
19687
8166
1730
8405
14854
5542
15015
5072
11765
15532
17712
13080
13064
3990
15715
733
11959
11056
19283
12792
10946
2276
5337
16845
7691
3525
4016
15329
1691
17362
9521
3978
17225
13764
17434
9238
10562
7388
526
3735
9280
19863
3008
10351
1444
8284
17227
18861
14657
15563
16963
3745
7074
8853
11634
6706
6794
14865
409
16185
14162
6344
18414
2240
14953
7399
15529
8490
19308
10855
14652
17152
17588
19379
11649
4372
4761
7072
19671
11444
17200
7580
6044
19621
1312
10614
7979
7771
12981
2598
4758
2920
7645
13605
3365
11078
690
2849
9664
9473
9248
1262
9797
13480
12568
5048
7159
11206
14292
4825
8034
10814
19634
13334
13629
12475
16705
19440
13092
1287
16784
5852
18670
4884
13536
7836
13510
18632
12860
17056
738
17335
5193
14974
15687
9524
11134
2006
2081
14803
8790
12671
6530
17631
4664
2603
7513
18096
15489
15433
14247
4410
17041
10161
15870
17447
1823
846
2214
4291
9700
4536
15210
2092
9365
16680
5571
8828
17304
13579
14278
6632
7556
14614
8087
3875
12908
2937
7593
14334
6824
9982
5504
8608
11158
6807
11231
15331
17058
1058
12149
16567
9428
7363
17646
87
9587
15661
16148
17020
16059
7801
9388
10755
6740
14775
11016
19343
15296
16025
13140
6378
11107
13336
12647
12022
11991
15108
5629
14606
2475
10465
16714
1729
9173
8204
8018
3929
4724
14061
11422
16526
18706
17587
7533
15093
2628
18389
19335
12387
18953
13933
1972
6534
15307
3145
13389
14294
13551
17899
14595
17982
12726
6490
2278
7841
19225
19426
15487
18033
7929
8954
19172
1880
11722
19717
7948
5034
3709
7499
5787
182
807
14726
13807
7401
12662
2465
19888
5697
1530
5051
3358
19232
5752
19499
15442
1
15467
195
3329
17673
13343
17906
11619
11729
13638
4195
2390
6556
11075
15082
18739
530
2723
4243
17849
9732
9562
8247
2740
11724
2915
19177
9284
16821
16345
8318
14608
12108
117
18113
8218
5022
15974
15006
18303
3961
9406
273
12213
19493
10048
1411
14207
7965
6554
7472
8968
5448
691
17487
6202
7611
1468
4242
4232
3481
250
12198
10003
17516
18137
11519
12811
1410
19370
4413
17160
18258
4760
11103
15939
5074
5060
8614
6861
19255
17376
6009
10155
12334
16746
3017
18358
15502
6981
2140
7345
13113
1863
2301
8204
11038
1166
15521
19455
5636
8907
15132
3671
14776
796
159
6600
13967
14731
17478
15720
12247
12131
334
8186
19616
3807
2989
13289
8045
14980
12623
14192
17517
17124
6024
3582
9959
14920
12640
13653
9576
13936
3890
17551
13738
14214
1369
8398
7971
441
7782
1530
13295
8248
6441
2968
5444
18345
15140
18841
11443
3295
15546
9509
4532
14089
5342
4100
5999
17131
15148
11423
13623
18597
3048
13812
6
11735
2467
19659
9452
14085
815
9911
4274
7901
14141
11709
13691
15501
9414
358
8677
8310
2054
6631
18386
6911
5398
7052
4955
7404
14791
10458
14059
271
4977
16611
3236
2136
2459
16372
16641
14051
19377
3947
9919
17781
13608
13502
6896
15838
12401
11638
5673
17609
11892
17019
9537
8607
5114
5529
15830
153
2864
7912
773
17600
1278
792
14152
10814
10021
10527
19869
7617
1990
14347
2932
17671
12179
15828
1131
15743
15007
15296
6906
16246
4864
8006
17341
17445
2445
4723
7983
11127
11736
8710
18195
4014
6528
10586
16660
17574
5243
11473
5802
4830
8193
18945
5299
18232
2034
6899
8244
484
14443
8922
19516
17652
11370
14914
6894
6448
12133
5977
19752
13636
12537
16823
7733
18306
10854
8193
12878
8839
16388
18181
5986
14090
13424
1285
12972
18221
13604
2139
3270
10621
10134
16020
9405
12512
3411
1755
12072
10095
5916
6384
13054
17049
7099
652
10676
16882
19644
10798
7877
18808
14744
1621
12680
11351
17949
17373
5376
1607
18020
128
13393
2670
7491
17205
2905
14587
16529
16348
61
10499
3890
13814
7292
15634
4158
15998
17253
5692
7818
7960
10180
15132
19554
19694
11863
15540
10677
8892
4704
3290
9482
293
10080
14708
10145
4377
16065
7548
6086
14719
7023
18728
5049
11575
16437
8130
668
1013
13273
12473
14573
17636
3945
7355
8090
12207
670
17552
18182
13277
4080
19466
16099
5923
1734
5598
11825
19046
16966
3021
15830
3431
14855
18206
3834
15394
2281
7687
4265
18211
3627
19053
9403
14752
1552
19262
710
6606
4700
6454
2478
7715
2335
8415
6057
13100
6131
10981
18759
10307
17141
20
17866
10286
4730
3408
19379
5012
19479
18570
1647
17575
1865
5318
1481
16775
12812
5347
13747
10968
6313
19002
15352
17102
19599
12008
18354
17736
13623
5362
11290
13147
4167
6511
7960
6622
5115
14429
7367
16802
19192
17263
15057
13667
6432
9041
9827
5304
5903
11350
2640
9973
17483
15823
14246
12661
16242
10222
4820
8545
16374
7515
8585
8462
8351
15504
4380
3755
7076
17831
6750
8216
9531
11478
15129
3943
4294
2611
10585
16621
17510
6017
3166
4042
10962
866
8378
12683
19898
17863
1398
13761
899
17731
15356
1710
19215
16329
2264
9759
1989
15520
5542
18629
2556
8502
9409
14186
642
4474
4407
14974
1328
9272
6459
3150
13690
4555
5614
11960
8114
5597
15557
1198
2419
17908
9421
11684
14090
11303
3768
14166
11588
1357
6278
10050
10843
13046
347
7748
11595
11003
9199
19019
19343
4936
9699
14586
3131
15899
2478
12495
18332
720
4492
8398
12739
6059
9495
12468
18794
13861
1352
15812
1573
16235
2869
8112
16690
10429
35
1942
9341
12394
12566
10416
5900
11393
15049
11003
14882
17859
5220
7246
6602
1514
3743
857
3108
15862
2340
9739
12492
6525
4566
16698
17960
85
17147
13776
13940
8774
6906
14227
6908
6884
1097
4425
14954
12015
14777
8513
19067
3128
13824
5512
14305
18569
12207
11444
14646
5970
17950
10744
1963
12218
18061
209
1866
16116
4476
538
14512
19760
2538
11139
11389
6008
2624
2934
9857
14969
17521
3197
12925
7467
17703
10113
11074
1350
16237
7026
546
18123
8021
13840
2414
3718
13864
11267
8796
1069
3307
12833
10313
5113
19815
14183
13750
18582
12032
13242
10054
2374
3050
6966
14731
10670
80
1872
11833
419
13175
14351
9892
7852
4122
3107
19456
4353
214
11978
10138
839
18604
6827
4265
19910
4471
1999
1347
16974
4528
3927
15967
1187
2897
9613
13694
19981
14848
10409
12546
11373
9705
6539
16306
17672
1522
8762
12459
14277
321
10800
17143
13924
12886
4551
15990
12256
19983
3165
7132
11263
6178
14
15567
15495
8638
5349
6864
8150
2335
16118
5130
4226
4803
3140
13961
11165
5941
14202
1470
18423
18313
4871
3505
1315
16722
19636
723
16808
11420
13637
317
3270
18387
5620
764
7193
17820
12066
3021
4776
2600
11029
16985
14916
13514
10845
10829
19369
9333
2457
13592
12918
7666
15097
15998
15959
3486
475
18540
4941
4624
7419
15611
17771
15570
18922
18192
6707
14760
7349
19430
8446
14413
12762
17474
14004
9195
11789
13693
16386
13753
2802
15947
5739
18604
15680
6294
5712
13344
15468
5759
2637
16629
18661
8329
9244
12838
13989
19760
2380
5548
2111
14973
18371
19378
3188
1571
8165
15420
2912
10691
8322
15134
15954
16721
13571
17084
3933
17206
524
999
19871
12806
2297
18098
2842
14906
6583
11587
7112
13689
18194
19315
11767
2523
11827
4682
18140
2574
16259
10804
14914
1607
10372
9983
6971
19393
10538
11393
8779
8362
7705
7393
18437
7532
8574
15158
15468
10554
9257
9811
8255
7217
19587
5008
1826
561
3948
5543
5484
4144
8098
2443
10832
2111
17904
14437
18759
11529
7965
6040
13801
4563
2072
5217
4403
6722
16537
8719
17825
1757
18132
17843
1951
16702
2690
8553
19883
17991
10759
4995
6965
12899
10350
19079
10065
752
18373
19881
19719
18372
16139
14485
19221
942
6549
16094
9110
7371
14743
15785
16097
19298
18903
12541
4225
19757
9249
17760
2747
3022
10138
1326
10722
841
12305
5228
4274
14029
17867
8226
7135
6976
13916
18878
13586
6500
3296
4619
10479
18494
5537
14064
17514
12962
8200
8381
11918
3863
16495
2628
2972
3990
10719
16167
18780
11719
4187
18631
9222
14241
5171
11186
110
19107
5408
439
10095
771
13339
10576
3112
19356
14569
18996
6928
13247
9748
3385
16045
19893
15591
2357
10014
1920
16459
3907
1617
4292
17666
12865
15182
13455
4456
18600
12438
17740
5467
19759
3721
3646
13402
2864
10317
15364
11337
14441
12587
18464
19902
805
184
16668
6722
4826
18860
9038
5265
2702
15371
13743
9983
9660
5553
3247
11232
12233
1721
16646
12911
5055
5265
6856
18818
8829
20
2453
7734
2143
13250
10954
10231
14671
10043
1361
18975
17292
14665
2400
11975
15482
3863
2153
3594
1935
558
4302
7454
3176
1566
836
14193
7073
10885
19530
12018
5962
7322
7656
15348
5309
12261
17331
12234
4257
17115
997
5886
18887
5505
15489
1097
2999
17065
17416
1856
6645
2128
18026
4238
11167
14994
13291
5259
16948
13212
15296
4635
13622
5187
5407
7407
16543
3115
18262
2110
17941
2999
6866
7318
8944
13130
13227
17854
14923
10257
16908
4743
3935
8156
15496
818
18939
11672
8889
11677
15108
1582
8841
107
11645
7845
7387
5471
3346
3054
8707
7990
8113
18447
1562
4181
10732
4118
11614
3978
12841
6940
15491
17256
3128
9066
4767
10881
14854
14671
6431
11558
18988
15307
3703
2118
6479
2288
16595
12369
11458
16344
5781
19937
12871
7456
18783
10449
19943
30
4725
17206
17840
4181
8575
18851
11346
7030
8931
3058
11551
6036
3538
8811
16287
19076
3762
9378
4512
16283
7396
8746
18293
8539
1407
8587
421
866
10318
123
17228
13565
4787
7833
4263
204
7138
6792
7208
4257
11476
3075
2419
16430
15138
2152
13712
17303
4448
63
16115
11964
193
6781
3142
19470
13163
12006
8521
17282
14811
7842
6540
7734
6837
10285
6541
9671
9423
14702
930
16504
7448
11802
9665
856
1793
13184
4725
7079
4076
18168
12845
6109
10954
17850
18960
16132
14575
3533
16074
12093
3726
3713
8887
10178
19242
9572
8159
1194
8857
12240
8370
1228
10330
6989
13255
11243
12298
5640
8794
13272
10716
14368
1921
14090
12058
8112
11226
9562
16262
17780
19620
4909
7829
1708
8988
10152
15200
18005
17875
19403
2527
5263
18272
13487
14115
5391
17216
7672
5551
9484
7987
104
17717
19413
9357
18781
12899
18438
11550
14705
11592
10238
11008
11157
16523
1058
13894
14672
18401
17565
16540
8259
6217
6581
7615
8990
5468
4342
1086
14370
18465
16201
15226
2879
5429
14993
10071
8345
8211
13429
7999
15911
13980
11982
3857
1610
17808
2428
9001
17619
364
848
1343
2828
989
17599
12933
13957
16030
1925
1501
14202
7338
15150
4648
17244
6576
8007
6734
7101
8158
15443
2547
19236
798
19818
4250
9102
9499
12159
5108
9400
16987
9655
3720
2952
8577
16626
4551
15109
4863
19638
8805
15946
7301
9756
11356
4123
19748
17825
8206
10246
7539
4198
10849
9504
11203
5057
4788
570
17020
5663
15415
16231
2615
5360
8579
14812
5246
13171
17676
11207
13468
9630
14768
12691
16504
10025
8758
19680
9214
12485
1695
17420
10609
1935
7758
5369
11313
12642
3504
11530
19159
13446
4213
6212
12585
14797
12918
19254
15231
2671
9828
19105
19405
15778
2515
1899
3592
13444
18740
10744
13793
3050
16960
16450
19411
11914
11721
9221
1806
4033
4643
11607
11115
9622
431
18311
12227
2686
5811
3613
1607
4700
8086
12079
2026
8760
6474
12414
5524
4839
4811
13612
7940
11079
2936
2932
17391
10715
171
6821
3417
9602
13048
12191
17445
18367
18467
13166
17445
5459
4142
15575
15885
5700
11880
541
1654
13513
19996
3256
380
19668
5196
485
14206
853
360
10304
14171
13630
3855
10373
11238
5031
14754
14598
14273
9596
13531
6488
8831
442
9494
11545
1666
5856
11561
18100
14713
4999
13022
3405
9504
6505
12165
771
12483
14101
9519
1331
17814
17807
6954
8498
6222
1426
17956
6338
3714
18767
14145
11480
8393
8585
9678
12880
15360
5728
5444
18978
10939
5575
19917
14786
13964
1792
13306
19963
3668
4597
13629
10202
4433
3870
9915
13690
18490
1216
8795
5675
8538
8081
19395
18566
1819
11618
4356
9594
577
15553
17661
6250
8066
15697
9530
11784
869
9044
2800
14365
8862
1545
17231
721
8944
3365
7912
17190
8003
10998
13062
5386
17430
5114
9957
7911
1906
4626
19345
347
8231
6691
13174
4929
11972
622
72
3712
14539
11425
7598
17797
10891
1220
11169
18794
289
14905
3680
8724
6499
18430
3663
6118
16251
11479
8232
2755
6728
2846
7564
7895
19010
16630
7643
9417
1636
11301
1767
13593
5679
16459
9366
18540
9280
14808
8961
3220
1684
12401
11599
6324
4048
7501
17968
1650
6691
5854
16552
3206
6371
17997
4573
7044
5273
5941
12605
11612
8685
16314
14443
7145
1059
1812
352
18010
19396
16143
18514
12941
527
18257
4795
9860
6572
12353
15325
17436
7424
8812
1539
5004
4347
5243
10131
14778
14191
3963
14550
5987
6275
19825
17607
1683
8121
9830
14024
12596
15245
6255
18215
11391
17100
17735
15331
14272
336
8319
18740
7163
6004
11571
6998
14907
1665
2754
3639
6004
14647
4563
19782
14323
17593
16196
18959
3003
11740
18130
15344
11574
16240
18236
14782
11050
4028
3059
12591
14116
18520
4225
4886
7871
14169
7889
11793
9491
16247
12096
10552
8155
3736
4527
16397
19457
15901
18043
6504
17635
9993
9369
13851
13406
1572
19651
9834
19508
15527
1485
16089
13504
13391
5676
19666
14040
9605
13357
11763
10354
9902
2695
17616
12243
15467
7868
13644
3627
18402
6601
16059
17218
8030
6407
13511
8640
6928
4592
6150
1856
1908
8220
3553
19951
206
713
11824
5736
11494
10799
10054
5112
874
833
810
7404
15675
10091
9396
13779
16898
7119
17726
6630
9174
13440
3665
229
1088
5825
13998
17686
920
3487
7305
1155
19709
17003
4856
9848
17879
4609
9457
2486
601
16757
17919
5886
9843
16587
872
4138
13830
19203
18590
11759
12513
192
6598
11206
14456
5811
19119
10153
12779
11779
9455
2464
19634
11453
16429
2202
3095
10332
15833
8025
9907
1985
10923
11287
14201
19428
7568
7500
2652
2919
11999
4776
9796
5709
5533
1256
17036
19940
9195
1975
38
10182
13973
19679
7298
15666
7475
8842
5954
6928
18276
15056
18036
8256
7471
3461
11191
3105
14584
10976
19283
1599
6075
12705
2574
14390
13351
665
2079
6882
17105
3737
19229
16312
1750
19846
2572
15862
3799
5916
19076
5352
6228
14096
12380
1517
16149
16906
7631
18759
11105
8348
15659
4465
13887
14074
15156
13556
1625
13107
14407
350
8731
12365
880
10125
6015
18494
7481
18624
17071
6595
5033
13915
11656
8752
17214
15325
1576
9304
16793
15725
1387
5907
4840
15338
13449
4492
5426
11302
2034
1901
4153
6256
7463
18769
12114
3781
3358
15571
11007
18567
3478
10444
13991
12266
17903
4982
8239
2545
11150
17013
12505
5904
13610
2642
12186
19978
15687
1180
16707
10016
6444
14370
16114
7752
6577
9151
1661
8741
19175
11379
2118
12276
16578
2041
17706
3247
16240
17237
13168
211
6531
1115
3391
14928
19300
9941
10103
936
9343
3904
19655
10944
2358
8040
2914
12416
1439
7609
985
9194
13228
6343
11683
5359
602
15297
12705
4218
983
2520
11641
1602
9292
14984
613
14844
148
10507
17521
14091
11354
13580
2358
2944
13972
14183
9954
15265
5443
3476
2153
14415
4168
12761
7415
8869
14500
14978
1339
11102
4418
14271
6594
251
10447
2433
14477
4184
7661
1731
12218
16094
5571
9152
6138
16531
13092
8667
16778
4182
8402
3117
3760
3027
1847
16002
19607
9657
19462
7389
17237
18082
777
13143
18597
19254
12838
13976
7510
2808
14471
6142
14738
10653
11454
10460
5531
13218
7814
7630
1172
16367
5170
11547
6879
19083
134
6584
18117
18125
17333
16029
4691
17158
11580
10654
6098
17082
8443
17063
14897
14100
16439
7004
8104
4948
12892
7307
9732
3693
18072
14267
11502
14302
3188
15561
10849
14901
19166
7049
14770
5428
10098
4371
4519
16847
14474
18775
300
2305
16817
18774
2802
7868
15803
5934
11695
1600
18328
62
19953
6030
10491
9389
13391
3976
13995
571
2472
11742
12394
15441
11371
15004
17194
3397
12003
2389
18366
8055
2821
8718
8170
14382
896
19477
15605
10893
136
13467
2005
18760
4443
12105
843
5959
12885
18407
10541
1188
12644
5385
18853
17158
6772
5795
15621
7982
1259
15615
5927
18961
8343
1371
7678
10912
19473
17720
13439
3940
11796
13894
6193
5863
12459
12336
17855
5650
19776
17732
14289
8602
8123
13194
2047
17750
8035
19266
14904
18358
3061
18034
17845
18894
4676
11610
5911
4842
8557
15069
4996
12840
6366
12639
3554
10276
17026
15693
17578
5372
9648
6872
4629
982
19157
12133
3024
8625
670
16893
7159
17618
4078
13043
17436
10954
13738
12941
10118
1303
7589
11482
355
15708
2943
18966
7274
10087
7016
8776
18111
4966
5596
18317
4949
16815
2472
14761
4058
14494
10074
7074
12220
10151
15715
9073
324
12075
1902
18500
18493
18909
14910
273
1176
16588
17707
6325
3862
1378
10765
18074
12110
1981
11761
13540
13970
11951
8607
421
14494
13540
13043
2927
3410
14362
7814
1372
10858
4058
14519
1553
579
7507
8380
619
1101
18369
14040
11356
16911
18142
4914
13494
15931
13093
15682
3029
1369
513
8554
11206
19959
5633
15698
7131
2570
4547
12925
396
10373
120
18333
14728
9806
9079
19251
13129
8106
8574
13146
18893
5258
5331
11561
10244
6505
4428
11671
13503
1812
821
9569
12403
14104
7837
5856
150
8945
16599
2839
6686
11357
8808
13345
4070
11941
5457
19992
4399
3761
8891
1492
5647
6508
1537
1283
2360
11840
10332
14035
6673
11676
13555
15491
13611
13665
10825
12299
4172
4761
18028
18915
19651
1467
11178
8878
4982
7315
11488
2274
10989
515
11507
8129
14720
11486
15670
13554
18844
15953
10377
2919
3404
17107
6701
14181
14496
2614
3173
14093
22
12767
18988
13110
4934
11869
5949
9842
7915
18585
18560
10357
5857
1133
16492
17175
9141
11681
10446
14664
2255
4492
11230
1950
14054
12159
10572
6920
6237
1406
11942
15076
4186
17706
16104
4542
8173
3772
18847
12505
6157
19453
17295
18809
15701
10221
16115
10096
8535
324
7415
11845
5167
16556
8293
4710
10192
12261
3894
12791
16912
4501
11294
14805
8690
5422
723
3621
10881
10755
7332
15363
15307
348
13131
2524
15586
406
19062
4029
12404
17151
9400
2358
4019
19970
11629
6215
18113
13795
9665
1447
18362
480
2398
17291
11263
17987
10997
14352
18865
13187
14931
7849
5207
6088
5186
881
16144
15488
9003
9388
12181
1553
17979
988
5155
16895
19181
1479
12131
6786
5350
3534
8402
296
16368
7317
9714
19441
7934
12997
3748
10292
3147
13435
6072
8242
18370
15169
7389
3594
10167
5575
7400
2044
2310
2291
3871
8006
5936
11819
7618
1853
9313
9080
6591
18050
9132
11897
2111
19318
14672
12835
19772
9422
19676
12976
13394
12390
4986
16292
15144
7367
15310
19528
548
1766
8434
12841
1426
486
15932
1011
13895
5444
3737
19444
14205
1373
19785
9243
8227
5667
19039
3605
14424
16551
19200
14012
18696
2827
17844
14664
1575
12179
7361
9587
7135
8285
9690
2306
6638
15522
5067
12091
2378
16826
3738
7481
3498
11593
1951
1294
11879
8833
12027
6507
10951
15278
6173
14800
2405
5216
14354
352
6756
5050
19549
136
15510
10172
10166
18281
19829
19180
17802
9690
13683
17622
5793
18135
1477
1136
15016
11198
8267
9470
5735
7206
15535
18097
3769
8948
6642
2132
9905
18939
1480
2111
8594
2918
19874
12859
16931
3744
4762
12515
9337
16643
10291
8359
3452
4142
4540
17968
11216
13390
12473
7565
13591
2422
9263
4793
2846
8183
14781
1681
7924
1574
10284
5598
2646
19549
12141
15046
19367
13113
18378
11392
6702
13786
706
1516
17611
9911
15230
1
3378
14741
8402
1130
815
18378
16038
8202
4262
1817
19401
1019
19000
14859
4414
16640
14895
16562
3681
8354
1500
9662
16794
17229
15974
3327
1857
10655
4254
3278
3974
3637
2104
10404
7477
6
1634
2417
1260
1293
10529
7702
9253
18604
19227
8416
18021
10104
3589
14289
2267
12856
5526
14501
6162
18007
5114
10669
11913
13079
11482
15523
5140
5934
12782
4874
14921
4260
19780
146
9002
5351
8438
2229
9486
45
18842
12337
17763
2926
5564
87
8669
13726
7287
15781
2154
4983
1655
2466
2985
7867
5145
10222
15966
12376
17704
7388
10186
8380
19021
15164
9732
17012
6750
7385
7797
9193
9614
1893
18512
3451
19309
19608
17473
17848
13623
11764
1405
15133
18280
1030
8693
4386
1458
19858
5025
15660
3058
11023
11475
15307
18682
18109
13190
15997
4062
10266
12036
104
18871
15031
13844
2589
1800
6225
5186
14440
17201
3215
17956
8631
155
9437
204
13232
10740
9273
8598
7919
19046
11508
19469
310
1514
6222
5721
16451
1536
18029
2102
1136
11325
5827
4431
2313
6626
18937
7058
8525
14539
11933
14886
10882
8172
10530
15592
212
3236
5861
10571
18486
12526
2939
3164
10937
16438
8259
18517
2298
3804
7489
4937
9957
12957
2963
4377
2796
9987
17202
14032
3588
13924
12886
12879
19948
5895
18774
3678
1523
12371
7911
13427
12257
18701
7617
4655
19638
10318
6936
7497
6951
15322
5663
18533
1319
15298
15287
4625
11566
12579
9948
18156
6688
761
6936
8966
827
13781
119
6551
6650
4633
6528
11514
14279
7040
487
16154
8716
18649
4920
1917
1328
3015
5325
13937
6046
13741
8947
9822
1539
3949
5948
353
6241
9031
12089
6285
16512
16897
1971
19582
6559
3622
15809
3800
15613
10031
16096
19928
9378
19977
1906
15303
5181
7706
9184
15073
17848
7865
3326
4937
19659
17549
17562
131
1536
1265
4777
18690
7327
12343
16718
5847
2488
2725
15645
6570
14341
19373
18207
4515
11356
18035
11197
9222
11214
3865
13303
6154
17282
9574
15748
7757
13300
11279
4807
3483
14800
17032
11349
14094
2551
12351
2246
3802
10934
15399
16896
14570
3295
5414
3909
1293
17973
10698
4489
3899
1190
4961
19891
1044
12988
13091
7273
19400
3708
10231
17253
15157
15119
9634
2312
748
8787
5773
2908
18457
6199
10209
4302
14614
76
10031
16269
5999
18507
17498
4551
6692
17953
17132
8293
10927
16104
10661
19842
979
12346
12126
9144
9169
15397
18806
16376
14465
7248
8790
4594
3846
2487
18248
8014
19078
12186
3679
2574
17219
15069
13378
3616
638
6541
17487
6231
10940
6888
15416
1411
6348
5656
7551
12282
1018
18177
11048
12726
2535
6259
7676
15075
6176
10918
18120
16997
7097
8198
12485
15987
17664
14463
4985
14777
8575
727
418
15556
17881
6637
8122
8909
1678
11526
2304
16219
3805
16501
16888
1449
9614
2896
10652
6782
19578
10627
6148
11065
9308
16258
9624
19772
17456
5948
18367
7169
278
7195
6302
17670
16866
42
17684
17454
12052
9960
17978
6172
726
1420
8299
17949
19387
6216
12944
10795
10293
6728
9897
18036
9844
18699
14610
7105
7431
14828
4334
2611
10824
9403
11873
9075
17675
10369
3618
14025
5534
21
8881
15509
14036
14161
14947
16496
14239
8884
11816
11291
8865
5911
11812
15643
1603
17760
19727
12978
3114
4758
9566
2502
11446
19813
18925
18951
2939
18785
8491
16995
11128
18437
10577
6897
7256
9024
17327
6857
10966
10588
10733
751
17021
8724
7243
15111
12913
9811
5500
14252
675
6970
10940
16125
5603
15321
12747
6141
4788
2802
17462
4229
1682
17861
240
5141
3215
10846
17300
7704
12877
3924
11265
16473
16182
11679
19659
17816
13200
12577
19471
16110
6945
1471
5927
17999
7525
11050
9438
11497
16544
9722
3021
7930
204
11560
18971
14977
416
17990
4629
6987
1389
18551
8005
15991
6668
19039
7244
15585
18413
16861
4778
9431
2491
3288
13839
4030
3009
11227
16250
8083
17720
15998
19141
10237
6437
4649
4405
1206
9961
17234
1169
18195
17830
16285
19904
6702
535
6896
15092
10806
10594
8117
93
17107
10136
8108
14802
18645
4577
19348
13685
10475
8436
17286
17258
10848
13157
8240
8826
10935
9826
19377
14093
1758
10566
7737
15560
3045
12445
16157
341
17338
19684
4790
10164
11183
14420
7358
5148
17599
2826
6750
636
9563
1831
18267
15316
12284
19901
6190
17080
6638
12090
3170
5765
324
9156
12892
592
652
6307
7446
4074
15445
16020
5278
10955
18894
4343
8559
9686
3179
13892
15780
13248
5834
17347
3624
13481
3342
17556
8469
16270
8535
1671
4768
12171
7908
8793
14360
19102
14891
3264
13123
11301
17312
809
2298
5943
13700
15402
8742
6563
18132
8608
5365
19570
2050
16107
18730
7620
12900
8485
14237
4087
16725
12867
2823
17268
9650
17157
16326
6617
16549
18316
17035
13267
11394
13904
11171
18594
11236
15425
1706
5682
1041
17028
10236
17376
15175
3105
1028
15917
9465
16275
8690
17944
15262
9069
18272
5390
8708
16506
12656
7072
7067
19153
7969
13822
8751
8266
12502
13984
8273
2360
12209
5870
19598
6867
14497
17081
17214
16033
11289
4932
14118
3505
13876
12475
3511
12136
3882
3650
15220
8090
9631
1185
1558
17293
19079
6262
6093
6715
18460
1824
5232
6240
15116
3678
2029
15215
10046
16570
15944
9468
16066
5562
7656
9026
7725
5190
19965
4381
5634
14915
18615
7333
12374
7436
12245
7713
5810
15349
847
9343
12783
9017
4069
12619
12156
6425
14262
19297
11254
369
14108
9006
14357
19524
2119
16852
13806
19200
8393
8036
15757
11227
11136
3914
8273
8354
19778
2938
16637
16760
19868
7362
13405
13709
18218
10644
3274
5405
1225
11681
10462
2164
11940
5943
13977
4993
13585
14031
2230
6055
12071
19596
16920
19691
19346
15138
983
14247
1326
8309
11635
2060
508
9741
15117
1622
12271
1105
19898
7433
17478
2729
13899
7501
14062
11089
6682
17271
9783
6574
6376
12844
10999
16293
19458
11377
8905
19314
15599
19695
5588
16161
13244
13698
3719
737
15817
1235
8140
19494
7672
18388
15826
11468
9358
6873
14324
5287
10545
6852
3851
6717
13079
14854
11064
6909
3245
17361
3486
11835
10784
4741
5393
12334
9021
8141
12588
8023
13260
904
19920
12729
9193
16808
14251
16124
4640
1861
6938
9307
14240
5700
17531
1268
18604
16291
18263
6730
7106
6426
17210
14246
13499
1093
2885
1201
13615
807
3019
19331
5977
8910
9913
16405
1840
17659
8470
6265
702
10807
14308
19675
6272
9959
2659
15037
14207
10015
5714
16227
3639
84
8480
15921
12360
5841
604
6162
3296
9927
8485
16956
4393
13337
6931
4789
16559
2798
5502
13118
7496
3870
18198
5900
17305
1119
12170
17926
5984
12407
8271
10598
11580
16041
776
11857
1471
11921
4321
8292
4980
19528
10927
10526
3192
1591
13085
6689
3643
15159
2818
18028
7160
14874
8306
7399
956
13058
10644
6955
5718
16824
12965
3658
3481
17665
4286
2012
9910
18783
11291
16075
18199
7861
7518
11163
10126
17378
193
9166
8440
11700
11874
11671
13907
8156
16125
14154
8957
2333
432
19503
18717
14270
4309
18219
6768
13484
8581
1793
5234
10476
15232
3284
215
12060
13221
19710
17786
2332
10309
16155
1252
18022
484
6969
19331
9182
9011
3480
15266
9597
11677
17890
3088
7413
1308
13766
12864
8814
8415
11282
12878
6915
9491
11934
9330
15151
11041
2458
14269
1023
308
9279
7728
4864
14763
19433
11290
13749
4980
16419
6252
15402
3646
826
19307
19627
16255
10488
16235
17170
18526
1873
10211
5161
12856
1970
75
14188
17110
4233
7837
11618
5622
14205
17178
15324
9279
16019
11333
13570
13617
8629
14650
14865
16927
14882
11222
7266
7534
10923
18091
1300
726
6118
12796
3153
9898
6230
14641
6167
11036
19782
16434
12969
14453
10667
11
19588
16651
17154
5536
6385
1994
10206
15827
749
16331
19828
12833
16761
2358
13268
13407
17989
350
17692
16601
6753
13811
6546
2171
6842
17118
12367
14446
17450
5053
3186
15045
12659
1413
1261
7431
18593
2126
16406
11527
517
3783
4852
1566
3477
89
6515
12117
8945
10175
10573
8250
16088
12398
3398
5835
109
13820
15768
3115
9961
14834
19050
16664
17366
19348
1206
325
2868
10698
15379
7579
18095
15926
3050
6239
17901
18178
9335
6577
1091
13266
7306
7619
6944
2674
16851
8656
2004
2030
18246
19841
19975
12554
4928
7578
576
5827
18897
8284
7532
14680
6706
1598
3588
10864
9095
11329
18892
18607
16076
11044
18283
14991
167
8369
15274
2061
1694
9252
3728
2510
18205
3221
3010
12744
4139
19910
2669
3432
131
18707
8294
5272
16665
1324
3441
6728
17029
18732
17583
8568
15904
15629
19585
17149
3395
5860
1506
1715
2094
484
16501
971
7433
18099
15414
14052
10092
5276
18287
14556
4012
15190
759
10084
2043
14477
9854
12643
5949
12906
12590
17348
19908
3339
5877
9597
2854
9295
14756
399
5674
7496
19282
7198
4499
5996
12980
3596
17677
1892
18419
6467
11654
17736
13749
16776
2391
14330
14876
5179
2775
16735
7604
732
12288
11809
14416
13918
5434
18339
10696
19322
7552
8861
1706
4367
14565
4970
6281
3015
17702
97
12263
16572
13773
12989
7882
9513
13816
3537
18442
9736
15018
8253
464
3773
3115
13727
6054
94
19860
10962
13700
2487
10406
17621
11430
19772
19180
19261
18104
17125
12474
11585
6198
1012
568
3487
10295
10625
8024
3941
13603
8258
7464
6064
11843
5324
10987
16774
1209
17590
10906
14437
12044
9087
14011
9872
191
8508
2745
9318
13231
380
8779
8492
15039
16415
5287
12301
7922
8459
9546
18666
60
7271
5964
19909
17496
3394
3999
8688
10700
199
13786
16243
3629
19477
3524
5029
11690
6405
19659
12962
14347
9496
1726
7488
15607
16609
4082
7494
7486
1731
7562
13636
5820
4445
9098
10514
5645
195
17900
17087
6737
8401
9727
2711
7689
4410
15173
7280
11090
10271
626
9542
19716
15801
183
15845
14769
1172
7479
717
4492
19624
4551
13180
15690
19500
13365
3526
16578
8784
14568
12662
13609
2873
5799
7048
19698
3134
18320
17212
1340
7690
12477
10260
17420
5801
7244
4488
11096
19753
15455
10224
19186
5047
12030
9539
11798
12216
792
3800
10619
11185
8402
10746
7722
1198
8317
19318
2622
2712
2555
13564
9793
17299
10997
9345
115
15149
14996
18667
19072
18927
12104
19672
3386
5551
17358
17070
16913
16062
18616
4604
4909
4031
14554
18573
14616
9382
11642
14518
15095
5259
3749
4981
3603
900
7310
13255
11482
17126
1237
4092
10153
6706
17812
15830
16251
17143
14669
12395
19424
17860
16012
1094
7283
7683
18927
16009
7045
4228
3811
1103
15081
4783
19568
6202
12458
9196
7969
8191
6059
17928
3623
6370
7162
15552
10849
9445
14763
19761
18180
9612
8278
13635
5385
11656
16459
5140
4807
17851
498
6648
14694
1785
8239
19088
857
16727
13216
3162
1865
4614
8424
5419
1880
17868
5741
5306
3720
8070
5379
752
5943
1711
11849
15165
12812
7807
6187
403
6654
12682
13679
7289
3528
6412
8682
9391
17741
15950
17886
12393
14841
17903
5648
1535
6240
3547
11712
19276
13757
19784
2676
12447
4833
4222
808
7813
9704
5238
16115
79
8057
7988
8716
11341
17135
1932
3699
3065
16738
9585
10762
16036
19805
17365
9603
8704
7191
18829
12786
880
8270
4146
16604
18736
16230
15617
4549
829
10623
17695
9164
5115
5380
230
5433
15294
5388
19265
12042
12220
6698
18737
16851
9897
8746
3378
14432
2469
13829
3397
12661
6090
19730
9569
2043
13081
7480
16521
10687
6905
5227
15191
6665
13334
5225
13931
7860
8775
19379
18637
15078
7234
16112
13666
3901
5837
15566
2010
10860
9047
6975
9449
13228
14304
15080
10547
19146
6625
19818
14092
11779
11454
15595
19121
1381
6761
10579
17605
7347
8863
8280
12025
19966
7646
8600
13154
9723
19662
259
7223
19981
15550
6460
5641
11991
498
19274
5918
7190
15936
11848
3472
13770
11402
11722
18417
2783
3566
10164
15521
7718
6092
15377
19413
19453
14761
15819
2719
17620
12269
13646
13479
6816
4609
12225
12044
18822
5513
6686
16831
18888
10553
2114
19938
7706
7299
1555
7471
12901
10945
1407
797
11469
14558
9607
14214
11240
15179
16736
1973
6039
3252
7876
17077
6275
2148
7222
1202
845
5160
18307
16869
11595
18561
1067
9550
11479
1904
17404
13844
4937
8234
7831
16706
10743
8534
19241
7585
3470
12367
17636
8028
14468
8467
2563
13407
19007
11584
10826
12166
10100
18879
14476
12194
7461
6747
12242
4937
1338
4977
3310
16100
13352
10662
8710
7686
17180
8626
7822
8415
1216
19684
2996
1376
17389
9178
10941
18306
1333
19231
15608
11646
19383
238
6738
19513
8546
8514
14728
14245
13182
14565
14106
10573
14565
6476
7980
4659
2071
8555
9367
19000
16816
19749
9616
5527
2111
15790
19694
8160
10977
16817
5955
6392
13784
12126
9708
16776
11924
13610
1668
19512
10758
11312
10443
12343
5159
11747
16474
8477
18449
1183
6330
4696
18018
11789
19367
6134
18846
2196
4628
3032
6935
17883
7851
5045
6167
1246
10641
10182
2683
13416
19826
14523
4699
19428
6753
17897
17701
650
3988
3452
10208
7234
7126
7208
16192
17782
4667
2100
7353
7832
5359
14556
18488
19825
1981
3656
7315
7819
2289
13830
4466
8403
16237
9769
1897
6484
6887
7324
10270
15357
11175
7066
19486
4838
8317
13213
2729
14431
9069
11460
4027
2204
7932
5120
4526
13678
19248
4618
13759
15456
4632
15685
8413
8573
11038
12685
16627
5628
17159
12045
9772
9394
17168
15992
16791
2771
16347
16024
10000
7526
11586
11733
939
15072
10251
12554
8330
19784
18181
5623
2085
869
5531
9266
5475
3070
5316
9471
14043
10727
6175
1421
18193
14668
4758
7074
17297
418
7585
9696
145
9020
9141
12480
7807
16772
19215
15470
11399
12975
12915
6530
5674
7944
5061
16173
4264
3221
8140
604
12972
7826
13404
8465
3747
16471
12259
11017
19983
13650
15984
3948
8103
2796
564
16147
9134
13330
9411
18151
18695
5805
11281
5758
489
17721
10643
13323
1916
1869
9232
15885
1929
2877
2447
10577
10606
8073
344
4458
3723
2853
4400
12852
4759
18417
6145
10187
18185
1793
879
10423
12120
19117
18893
3648
13913
3930
8530
17761
16662
18041
5538
10374
3171
6493
14647
13997
13966
8376
15274
1426
17266
14132
19760
13343
8722
2791
11819
5732
5385
7186
17616
4425
12287
15544
4370
4641
4629
13610
3205
10816
13662
12821
6492
8478
6766
11044
8338
17119
11745
1139
4981
1362
16929
17824
14386
8931
16877
9159
1980
17550
18494
8579
8300
360
421
322
15200
7276
7995
11707
9296
364
19025
16383
1989
9056
2626
10925
11215
3358
10612
19835
15315
4091
4770
13222
2122
15553
2662
11557
13379
9388
13812
16703
3210
2650
13191
9744
9447
18806
17971
4068
6437
3877
9634
17495
9944
10173
5121
11958
3373
15902
1454
5445
15741
5314
5302
19329
693
6916
8155
10998
5449
15258
5729
9855
3762
12268
14027
17399
12409
18354
11180
5800
1144
10840
11427
19647
10599
12404
16030
14009
6867
8046
12000
3363
2362
7871
3478
10275
11699
16824
14569
16842
10680
19349
10792
2281
12310
3768
2320
11067
10002
4449
14344
9856
11246
2975
2441
2923
15550
11077
10320
15637
11681
18731
7440
15151
15428
18295
7153
18337
6526
12073
4118
8133
403
13731
10509
2376
254
7754
12047
11882
2937
2920
9785
17694
16298
5249
11705
15147
4288
18230
14811
13728
13160
13958
10264
4073
7655
11212
6890
15499
11683
3456
19911
8262
18323
11201
3346
10782
13302
11480
6324
14407
14283
18912
13718
11408
5580
9761
10584
5493
2400
860
10646
10189
8315
10707
12583
8531
12744
50
1331
16204
12342
10122
19085
14088
5137
9382
3824
10750
11991
5835
15106
1618
11234
17854
4265
16862
13119
6632
1356
1953
6394
3435
1401
14859
8286
3244
19062
12134
4101
10927
2379
9374
17207
14195
15004
8647
12069
3191
14474
19888
7489
3025
18435
14570
7724
19596
3566
8088
4957
14160
7877
15194
15952
13651
15660
18489
17475
11009
4268
6978
3974
13244
18604
515
10175
1569
16105
9464
5323
3227
6777
14795
4056
10783
3882
17798
19144
617
5524
18751
4054
3960
17713
15358
468
2317
3584
5069
17794
13450
18485
11015
6366
3758
12323
4834
3739
299
9124
12044
14589
12644
13413
10392
3552
11431
5347
9639
16247
491
14108
15604
10113
819
7413
10747
4217
6109
16049
15718
18335
4536
6527
631
3412
7818
15115
8512
106
3200
18168
2841
4338
8656
17458
5409
2330
18611
3109
12653
5043
17803
6260
3663
19351
14136
19200
19914
6049
5167
18057
10717
2666
10259
390
17030
7375
17210
10872
5777
7337
13014
2357
12350
4970
5947
9448
9550
15610
6330
4276
1758
19395
9139
7274
6757
16716
13985
18311
974
10605
3038
18001
5057
16274
3088
12778
15154
17862
14290
11301
3428
10879
18194
2772
2733
19642
3081
18877
9710
9841
456
10223
8162
19968
6685
1975
327
2780
2468
14964
583
3619
5133
4084
12388
235
10519
7645
9636
16720
3704
9456
16496
4787
14492
14814
12399
2281
1528
8730
11300
15120
4315
14413
4222
4269
589
7378
11942
19828
19105
3051
14856
18415
19482
8856
17224
6407
776
8643
10613
16112
14368
12748
538
16900
8961
15874
6346
4872
9605
9029
9723
7339
7137
10465
4724
15516
8957
14947
7169
2572
18430
19051
4355
18921
16442
11538
7137
18705
6019
13089
12847
1297
2007
7174
19675
12329
7935
1593
5624
17382
7031
6558
4357
11224
12671
3898
13982
832
9623
11824
9311
3607
13614
12211
13223
3382
15169
6372
284
6897
5468
1117
3361
18429
3088
12067
3627
386
7925
9036
2473
644
5841
2656
6776
16262
9277
381
6661
19051
9065
3050
7340
9446
9036
17419
9496
15421
185
14206
4800
16018
2137
18830
4409
4461
4694
8103
870
3927
7859
11449
19566
6438
4060
4712
14986
1579
17477
14900
7077
6314
13236
17972
13674
1267
19010
550
12537
11806
11835
10056
19360
8189
16426
3266
1917
10985
8098
13626
15462
18201
18015
6646
10327
9059
7757
7294
1372
7352
18710
13053
8457
2331
3777
9701
6178
14842
1433
7496
18922
14094
12285
12486
6277
16905
3483
5852
7173
4639
2600
18210
7752
8748
823
17214
12152
11720
6580
10861
9804
6492
5946
15477
19235
18934
9246
4720
1511
577
5026
16982
18360
7236
3968
2489
18971
12356
6179
18670
9161
7745
678
15700
11924
4207
5845
18940
17828
16342
4825
5760
13671
15879
10705
11943
19967
16390
4827
12792
6380
19773
15930
17865
5528
2228
10714
1386
2837
14396
962
14643
10083
11234
16170
1191
6270
5106
6833
10488
18893
7802
14976
7605
17612
12067
772
4576
3202
10933
17818
18837
3014
14288
8874
15387
19441
11156
223
203
2970
12041
18589
3747
7444
11757
15384
6068
12011
15139
1079
16796
325
19718
12115
7905
18277
16223
4838
8112
8401
5559
929
17860
6104
980
6050
9396
6599
2610
7318
16152
6401
1234
575
18268
11068
631
1769
11012
19678
19543
10375
6339
12140
1696
17399
15172
2387
14696
14478
11162
10030
7447
9682
13420
17435
371
13755
6747
1095
5146
2962
8013
580
18300
8740
2541
4101
11734
2886
1143
2835
11977
1785
16861
17197
10297
18527
18301
6016
14507
19301
16753
16760
5228
12195
1869
17327
19833
17782
3203
13021
1454
10971
14564
9907
1315
5486
17128
10201
4362
14244
7306
16828
12002
1318
19598
12272
17528
2606
3961
1526
7775
12070
11624
12326
5742
16172
4555
19869
4975
8286
13195
2252
6721
8311
6677
18237
1540
12280
398
14236
18014
10644
7363
17797
5326
19025
8701
19330
12501
3821
7331
9293
17205
19301
12496
7021
19429
2348
16339
16617
8583
11601
6159
10020
7193
8905
15148
14332
3344
14204
19422
8774
17404
16295
7544
1383
19584
9343
15272
6606
9632
3781
14438
6226
18517
3712
15690
3068
8453
9657
16940
8027
17178
16896
211
8280
1189
4272
6257
187
18187
9400
11892
6565
9481
12671
5158
6942
14091
4186
11002
16905
14445
9816
15812
9460
17289
16801
16974
13641
8793
10767
4658
17752
16016
1329
14824
4907
13543
16950
14043
5549
1753
19060
872
4088
1514
15171
7592
8221
1228
8024
16500
13526
16710
16806
16904
6711
13507
16425
12343
12303
10343
15921
16227
18076
15490
13108
11933
127
12461
11965
13275
3188
18466
462
3754
7123
11319
14558
4774
523
2525
1737
479
7033
19714
19561
16695
5439
9330
2084
14534
4076
9704
143
7844
8754
8664
5969
1483
3054
832
8998
12127
17396
16890
1573
3149
62
19940
1379
566
8479
8534
5208
11239
6177
10846
9210
583
11817
4508
16060
14399
12180
7624
7472
6956
16740
7004
3715
2291
11164
11465
8921
6039
6062
7201
1963
9671
15491
706
3277
5213
757
17197
16672
11691
7551
15405
9553
278
5322
1863
14568
8427
9056
14270
7915
624
15778
17978
10375
4458
18144
16053
2397
15995
19526
13492
16342
10572
2222
760
19109
12129
1313
7050
13873
1440
7848
12651
16168
16044
3920
13338
2159
9236
12648
14883
17041
14095
3831
2242
8012
18854
3054
6013
1125
7535
14848
13461
3897
14625
16353
3279
7465
1671
7735
9066
4968
8760
4269
18159
3626
17444
14615
14646
1737
12482
17482
11126
18248
6876
11650
2694
227
17075
11953
11589
1049
18796
8454
11695
7124
5057
1075
14972
14723
10195
14619
11809
7914
13451
12402
19408
16447
6067
4817
7318
14992
18855
1014
4236
15388
15677
11544
13111
8679
5261
18022
11215
10825
4352
19028
5722
8513
15777
2479
7619
4449
4945
9690
11053
14874
13843
14162
13234
11329
13465
3735
17422
4652
4975
3115
6135
15329
10332
15697
11089
3658
7507
13910
8950
6039
15913
10899
10144
14560
14122
14908
9344
17227
15294
10058
4214
3020
19064
3046
18883
8728
13305
4000
9613
10050
12571
3735
14134
4481
2163
869
15296
7478
12468
19666
16791
3083
10066
9718
10546
12907
2786
18740
10125
12801
1179
2415
17440
12233
17487
6463
7408
4556
7497
14180
14276
16963
6526
3808
6522
3078
7514
2511
370
17860
6752
10250
17218
17601
12659
11053
17732
9554
2267
16321
7804
3099
13376
6541
17530
4314
18891
6736
1393
3523
8652
10496
18294
1234
659
1342
17783
17344
18189
281
18061
19585
2309
5332
6393
19937
2467
10081
6350
5540
11384
6129
18458
15237
15352
1430
941
11430
4074
9204
16295
6137
15499
19461
3309
14837
1596
13966
12413
4963
15276
16656
8924
18426
15297
1657
4747
16072
14917
8118
9707
14238
115
16570
5447
13530
2085
7364
14880
15934
6511
9468
12962
13745
16108
1421
9480
16132
19063
13886
13036
6175
17307
3588
11981
9630
5953
16368
17500
18617
12056
9106
796
952
19846
3971
5304
4910
5145
15
4999
11120
6599
8759
6073
4856
9382
3507
10257
5031
11591
9893
10347
8457
16814
13378
6853
17916
16237
4691
19034
7462
16016
15636
3692
3863
2836
1825
10693
18330
10051
8039
1744
15852
18122
12097
4507
17202
2272
18287
11608
13652
10094
3525
3037
10144
15950
8091
9198
17133
1473
2039
13876
15345
2479
14419
4442
1658
14388
1323
6329
15473
14540
18337
17725
16268
9159
2623
11722
13784
11456
16376
10995
11093
13795
10245
7616
4232
15410
13080
11582
19305
6144
10163
6953
17423
12057
16925
764
9313
7207
2642
2829
3796
4139
19384
12832
9058
2624
2950
15755
19862
1022
3987
11459
15061
14354
11198
8920
18501
7824
16481
13653
16191
17104
19310
10156
13870
4608
3585
1078
1
14616
2234
14581
13647
14281
5377
5673
209
6277
208
11218
879
4539
2341
8294
4461
17264
8974
18846
7022
4480
5376
2578
9054
3479
11981
10980
11978
3852
18688
4129
13134
13866
15822
15038
1649
2694
14826
14634
43
2823
5840
15271
7078
19766
8142
11669
7450
12480
18442
19422
19269
452
12059
12729
13404
19874
14347
10628
10723
11700
11851
11892
2497
19962
14595
17185
8560
17369
18469
7564
13273
8638
8138
18494
15001
7372
12571
12462
6268
5847
18829
1818
4266
4522
5445
17570
19640
10947
8298
14285
6282
14114
12493
6174
12601
15349
248
567
12955
7197
4230
15289
6521
7733
4122
634
8159
11043
10466
10093
14730
1146
3515
7016
12301
10776
9881
16636
16825
5605
8339
15698
9047
11155
5183
15232
5432
265
682
3944
1143
2350
1013
13225
3579
7092
16786
6621
16794
4878
9891
6759
9756
1585
16082
1017
15938
16367
13390
6317
14021
7052
4612
5938
14361
11838
16339
1641
11812
9084
6
6794
8964
3382
9411
15066
14210
16989
13288
664
11766
6493
4860
1317
1904
6550
15353
15209
7131
16911
8932
12029
10150
6235
16821
17598
3166
105
12191
12212
15340
7725
12900
16847
8525
6430
5876
8413
1227
14844
3677
6571
12751
3943
14241
1238
4210
18838
9269
14399
10114
8570
1402
4049
14271
16321
4132
4227
5145
9199
14815
12479
11648
14546
10108
4907
18912
16444
10611
16931
5116
2610
864
10876
1024
19953
12188
4163
16222
560
7550
19151
12979
1979
15058
2059
18538
7540
19513
5038
2006
14747
2679
6997
16940
12640
1823
368
9315
17121
7650
1861
6303
3451
19666
19576
11211
12533
9195
15800
5282
7252
1266
2326
224
7007
7882
17035
2364
18512
7162
16465
12337
17859
850
16701
4176
5239
17944
10653
17684
8850
18349
5990
8240
11351
814
19981
10056
11882
1004
7547
6720
3180
9517
3749
2004
5882
12982
11624
13821
1235
8973
517
10869
791
15123
5582
11304
16880
18025
17871
13952
3384
4036
7561
18025
4504
1940
13111
7605
4114
12283
9484
12219
13021
14931
16173
4098
15874
2961
11333
8414
5408
19819
1953
5938
802
2731
14988
10906
6586
3039
5488
17971
11152
13714
8805
18347
3862
1284
3765
17090
9527
5326
2050
7558
5678
18513
3967
9004
8908
10851
746
4355
1163
4023
12085
10561
19869
11438
3672
11111
19562
4638
258
8911
13173
1793
13407
14926
1429
13207
4766
15370
2934
17071
1604
7023
14076
7529
16526
8149
1748
14104
11653
17168
5961
17205
13007
11406
10180
5371
14866
8351
1570
18625
10766
18915
14852
17053
576
3617
16968
5123
11020
10268
1410
17084
2558
18846
6883
18322
19393
13237
3819
13886
12576
3419
52
14757
10796
1022
17739
6347
18916
11757
16534
16110
13647
7290
1282
3026
11557
9176
16861
7443
6726
16639
12965
5775
16039
12997
8198
9596
5576
6436
6225
83
5063
2245
2907
288
8248
5953
18431
12579
5563
4839
18999
1015
14005
19607
7522
17404
18750
18608
13679
14771
560
8741
17573
8180
6974
18635
19500
15907
16811
11514
5271
12115
16728
6828
6153
14175
18502
713
5451
4519
19306
2317
5874
3307
10198
4816
642
13600
3191
198
2030
10453
6450
1465
289
16650
11641
7002
884
13025
8382
8976
7918
14606
1333
16129
993
8506
11188
11178
19421
852
15372
3478