1
10000
10015
10016
10025
10031
10031
10046
10054
10071
10074
10084
10087
10091
10092
10096
10098
10100
10103
10104
1011
10118
1012
10125
10126
10131
10136
10151
10152
10153
10153
10164
10164
10166
10167
10172
10175
1018
10182
10182
10186
10187
1019
10192
10202
10206
10208
10209
10211
10221
10222
10224
1023
10231
10236
10237
10238
10244
10246
10251
10260
10266
10270
10271
10276
1028
10284
10291
10292
10293
10295
1030
10304
10309
10318
10332
10332
10354
10357
10369
10373
10373
10374
10377
104
104
10404
10406
1041
10423
1044
10443
10444
10446
10447
10460
10462
10475
10476
10488
10491
10507
10514
10526
10529
10530
10541
10545
10547
10552
10553
10566
10571
10572
10573
10573
10577
10577
10579
1058
10588
1059
10594
10598
10606
10609
10619
10623
10625
10627
10641
10643
10644
10644
10652
10653
10654
10655
10661
10662
10667
10669
1067
10687
10696
10698
10698
10700
10715
10727
10733
10740
10743
10744
10746
10755
10758
10762
10765
10784
10795
10799
10806
10807
10816
10824
10825
10826
10846
10848
10849
10849
10849
10858
1086
10860
10864
1088
10881
10882
10891
10893
109
10906
1091
10912
10918
10923
10923
10927
10927
1093
10934
10935
10937
10939
1094
10940
10940
10941
10944
10945
10951
10954
10955
10962
10966
10976
10977
10987
10989
10997
10997
10998
10999
11
11007
11008
1101
11017
11023
1103
11036
11038
11041
11044
11044
11048
1105
11050
11050
11064
11065
11079
11089
11090
11096
11102
11105
11115
11128
11136
1115
11150
11157
11163
11169
11171
11175
11178
11183
11185
1119
11191
11197
11198
11203
11206
11206
11207
11214
11216
11222
11227
11227
11230
11236
11238
11240
11254
11263
11265
11279
11281
11282
11287
11289
11290
11291
11291
11294
1130
11301
11301
11302
11312
11313
11325
11329
1133
11333
11341
11349
11354
11356
11356
11356
11357
1136
1136
11371
11377
11379
1139
11391
11392
11394
11399
11402
11425
11430
11446
11453
11454
11454
11460
11468
11469
11475
11479
11479
11480
11482
11482
11482
11486
11488
11494
11497
115
11502
11507
11508
11514
11526
11527
11530
11545
11547
1155
11550
11560
11561
11561
11566
11571
11574
11580
11580
11584
11585
11586
11592
11593
11595
11599
11607
11610
11612
11618
11618
11629
11635
11641
11642
11646
11654
11656
11656
11671
11671
11676
11677
11679
11681
11681
11683
1169
11690
11695
11700
11712
1172
1172
11721
11722
11733
11740
11742
11745
11747
11759
1176
11761
11763
11764
11779
11779
11784
11789
11793
11796
11798
1180
11809
11812
11816
11819
11819
11824
1183
11835
11840
11843
11845
11848
11849
1185
11857
11869
11873
11874
11879
1188
11880
11897
119
1190
11913
11914
11921
11924
11933
11934
11940
11941
11942
11951
11972
1198
11982
11991
11999
120
12003
1201
1202
12025
12027
12030
12036
12042
12044
12044
12045
12052
1206
1206
12060
12071
12075
12079
12089
1209
12090
12091
12096
12104
12105
12110
12114
12117
12120
12126
12126
12131
12133
12136
12141
12156
12159
12159
1216
1216
12165
12166
12170
12171
12179
12181
12186
12186
12191
12194
1220
12209
12216
12218
12220
12220
12225
12227
12242
12243
12245
1225
12257
12259
12261
12263
12266
12269
12271
12276
12282
12284
12287
12288
12299
12301
12334
12336
12337
12343
12343
12346
1235
12351
12353
12360
12365
12367
12367
1237
12371
12374
12376
12380
12390
12393
12394
12395
12398
12401
12403
12404
12407
12414
12416
12445
12447
12458
12459
1246
12473
12474
12475
12477
12480
12483
12485
12485
12502
12505
12505
12513
12515
1252
12526
12554
12554
1256
12577
12579
12585
12588
1259
12590
12591
12596
1260
12605
1261
12619
12639
12642
12643
12644
1265
12656
12659
12661
12662
1268
12682
12685
12691
12705
12705
12726
12729
12744
12747
12761
12767
12779
12782
12783
12786
12791
12796
12812
12821
1283
12833
12835
12838
12840
12841
12844
12852
12856
12856
12859
12864
12867
12877
12878
12879
12880
12885
12886
12892
12892
12899
12900
12901
12906
12913
12915
12918
12925
1293
1293
12933
1294
12941
12941
12944
12957
12962
12965
12969
12972
12975
12976
12978
12980
12988
12989
12997
1300
13022
1303
13043
13043
13048
13058
13062
13079
13079
1308
13081
13085
13091
13092
13093
131
131
13107
13110
13113
13118
13123
13129
13131
13143
13146
13154
13157
13166
13168
13171
13174
13180
13182
13187
1319
13190
13194
13200
13213
13216
13218
13221
13228
13228
13231
13232
1324
13244
13248
13255
1326
13260
13266
13267
13268
1328
13300
13303
13306
1331
13323
1333
13330
13334
13337
13343
13345
13351
13352
13357
13365
13378
1338
1339
13390
13391
13391
13394
134
1340
13404
13405
13406
13407
13407
13416
13427
13429
1343
13435
13439
13440
13444
13446
13449
13467
13468
13479
13481
13484
13487
13494
13499
13503
13504
13511
13513
13531
13540
13540
13554
13555
13556
13564
13570
13580
13585
13591
13593
136
136
13603
13609
13610
13610
13610
13611
13612
13615
13617
1362
13623
13629
13630
13635
13636
13644
13646
13650
13662
13665
13666
13678
13679
13683
13685
1369
13690
13698
13700
13700
13709
1371
1372
13726
13727
1373
13738
13741
13749
13749
13757
13759
1376
13766
13770
13773
13779
1378
13781
13784
13786
13786
13793
13795
13806
1381
13811
13816
13820
13822
13829
13830
13830
13839
13844
13844
13851
1387
13876
13887
1389
13892
13894
13894
13895
13899
13904
13907
13913
13915
13918
13924
13931
13937
13957
13964
13966
13970
13972
13973
13976
13977
13980
13984
13991
13995
13997
13998
14011
14012
14024
14025
14031
14032
14035
14036
14040
14040
14043
1405
14052
14054
1406
14062
1407
14074
14091
14092
14093
14093
14094
14096
14100
14101
14104
14106
14108
1411
14115
14116
14118
1413
14132
14145
14154
14161
14169
14171
14181
14183
14188
14191
1420
14201
14202
14205
14205
14206
14207
1421
14214
14237
14239
14240
14245
14246
14247
14251
14252
1426
1426
1426
14262
14267
14269
14270
14271
14272
14273
14279
14289
14289
14302
14304
14308
14323
14324
14330
14341
14347
14352
14354
14357
14360
14362
14365
14370
14370
14382
14386
1439
14390
14407
14415
14416
14420
14424
14431
14432
14437
14440
14443
14446
14453
14456
14463
14465
14468
1447
14471
14474
14476
14477
14477
1449
14494
14494
14496
14497
145
14500
14501
14518
14519
14523
14539
14539
14550
14554
14556
14556
14558
14565
14565
14565
14568
14570
1458
14584
14598
146
14610
14614
14616
14641
14647
14647
14650
14664
14664
14668
14669
1467
14672
14672
14680
14694
14705
1471
1471
14713
14720
14728
14728
14738
14741
14754
14756
14761
14761
14763
14763
14768
14769
1477
14770
14777
14778
14781
14782
14786
1479
14797
148
1480
14800
14800
14802
14805
14808
14812
14828
14834
14841
14844
1485
14854
14859
14865
14874
14876
14882
14886
14891
14895
14897
14901
14904
14905
14907
14910
14915
1492
14921
14928
14931
14947
14977
14978
14984
14991
14993
14996
150
1500
15004
1501
15016
15018
15031
15037
15039
15045
15046
15056
1506
15069
15069
15072
15073
15075
15076
15078
15080
15081
15092
15095
15109
15111
15116
15117
15119
15133
15138
1514
15144
15149
15150
15151
15156
15157
15159
1516
15164
15165
15169
1517
15173
15175
15179
15190
15191
15200
15215
15220
15226
1523
15230
15231
15232
15245
15262
15265
15266
15274
15274
15278
15287
15294
15297
15298
15303
15307
15307
15310
15316
15321
15322
15324
15325
15325
15331
15338
15344
15349
1535
15357
1536
1536
15360
15363
1537
15377
15379
1539
1539
15397
15399
15402
15402
15414
15415
15416
15425
15441
15443
15445
1545
15455
15456
15467
15470
15488
15491
155
15509
15510
15521
15522
15523
15527
1553
1553
15535
15544
1555
15550
15552
15553
15556
15560
15561
15566
15571
15575
1558
15585
15586
15592
15595
15599
15605
15607
15608
15613
15615
15617
15621
15629
15643
15645
15659
1566
15660
15666
15670
15675
15682
15685
15687
15690
15693
15697
15698
15701
15708
15715
1572
15725
1574
15748
1575
15757
1576
15768
15778
15780
15781
15790
15801
15803
15809
15817
15819
15826
15827
15830
15833
15845
15862
15885
15885
15901
15904
1591
15911
15917
15921
15926
15931
15932
15936
15944
15946
15950
15953
15966
15974
1598
15984
15987
1599
15991
15992
15997
15998
1600
16002
16009
16012
16019
1602
16020
16024
16029
1603
16030
16033
16036
16038
16041
16059
16062
16066
1607
16075
16076
16088
16089
16094
16096
1610
16100
16104
16104
16107
16110
16112
16114
16115
16115
16124
16125
16125
16143
16144
16147
16149
16154
16155
16157
16161
16173
16182
16192
16196
16201
16219
1622
16227
16230
16231
16235
16237
16240
16240
16243
16247
1625
16250
16251
16251
16255
16258
16262
16269
16270
16275
16285
16291
16292
16293
16312
16314
16326
16331
1634
16347
1636
16367
16368
16376
16397
16405
16406
16415
16419
16429
16434
16438
16439
16450
16451
16459
16459
16471
16473
16474
16492
16496
1650
16501
16501
16504
16506
16512
16521
16523
16531
1654
16540
16544
16549
1655
16551
16552
16556
16559
16562
16570
16572
16578
16578
16587
16588
16599
16601
16604
16609
1661
16626
16627
16630
16637
16640
16643
1665
16651
1666
16662
16664
16665
1668
167
16706
16707
1671
16718
16725
16727
16735
16736
16738
16757
16760
16761
16772
16774
16776
16776
16778
1678
16791
16793
16794
16808
1681
16815
16816
16817
16817
1682
16824
16826
1683
16831
1684
16847
16851
16851
16852
16861
16866
16869
16877
16888
16893
16895
16896
16897
16898
16906
16911
16912
16913
16920
16927
16929
16931
1694
1695
16956
16960
16987
16995
16997
17003
17012
17013
17020
17021
17026
17028
17029
17032
17035
17036
1706
1706
17063
17070
17071
17077
1708
17080
17081
17082
17087
171
17100
17105
17107
17107
1711
17110
17118
17119
17125
17126
17132
17135
17143
17149
1715
17151
17154
17157
17158
17158
17159
17168
17170
17175
17178
17180
17190
17194
17201
17202
17210
17212
17214
17214
17216
17218
17219
17229
17231
17234
17237
17237
17244
17253
17258
1726
17266
17268
17271
17282
17286
17291
17293
17295
17297
17299
17300
17305
1731
1731
17312
17327
17333
17338
17347
17348
17358
17361
17365
17366
17376
17378
17389
17391
17404
17420
17420
17430
17436
17436
17445
17445
17450
17454
17456
17462
17473
17478
17487
17496
17498
1750
17521
17531
17549
17550
17556
17562
17565
17578
1758
17583
17590
17593
17599
17599
17605
17607
17611
17616
17616
17618
17619
17620
17621
17622
17635
17636
17659
1766
17661
17664
17665
1767
17670
17675
17676
17677
17684
17686
17692
17695
17701
17702
17704
17706
17706
17707
17717
17720
17720
17721
17726
17732
17735
17736
17741
17750
17760
17761
17763
17780
17782
17786
17797
17802
17807
17808
17812
17814
17816
17824
17825
17830
17844
17845
17848
17848
1785
17851
17855
17860
17861
17868
17875
17879
17881
17883
17886
17890
17897
17900
17901
17903
17903
17919
1792
17926
17928
1793
1793
17944
17949
17953
17956
17956
17968
17968
17973
17978
17979
17987
17989
17990
17997
17999
1800
18005
18007
18010
18018
18021
18022
18028
18028
18029
18034
18035
18036
18036
18041
18043
18050
1806
18072
18074
18082
18091
18095
18097
18099
18100
18104
18109
18111
18113
18117
1812
1812
18120
18125
18130
18132
18135
18142
18151
18156
1817
18177
18178
18180
18181
18185
1819
18193
18195
18198
18199
18205
18207
18215
18218
18219
18236
1824
18246
18248
18257
18263
18267
18272
18272
18276
18280
18281
18283
18287
183
18306
18307
1831
18311
18316
18317
18320
18328
18333
18339
18358
18362
18366
18367
18367
18369
18370
18378
18378
18388
1840
18401
18402
18407
18413
18417
18417
18419
18430
18437
18438
18442
18449
18457
18460
18465
18467
1847
18486
18488
18490
18493
18494
18494
18500
18507
18512
18514
18517
18520
18526
1853
18533
18540
18551
1856
18560
18561
18566
18567
1857
18573
18585
18590
18593
18594
18597
18604
18604
18607
1861
18615
18616
18624
18637
18645
18649
1865
18666
18667
18682
1869
18690
18695
18696
18699
18701
18707
18717
1873
18730
18732
18736
18737
18740
18740
18759
18760
18767
18769
18774
18774
18775
18781
18783
18785
18794
1880
18806
18809
18822
18829
18842
18844
18846
18847
18853
18865
18871
18879
18888
18892
18893
18893
18894
18894
18897
18909
18915
1892
18925
18927
18927
1893
18937
18939
18951
18959
18961
18966
1897
18971
18978
18988
1899
19000
19000
19007
1901
19010
1902
19021
19039
19039
1904
19046
19050
1906
1906
19062
19072
19076
19078
19079
1908
19083
19088
191
19102
19105
19117
19119
19121
19141
19146
19153
19157
19159
1916
19166
1917
19175
19180
19180
19181
19186
192
19200
19200
19203
19215
19227
19229
19231
19236
19241
19248
1925
19251
19254
19254
19261
19265
19266
19274
19276
19282
19283
1929
19297
193
19300
19307
19309
19314
19318
19318
1932
19322
19331
19331
19345
19346
19348
19348
1935
19367
19367
19373
19377
19379
19383
19387
19395
19396
19400
19401
19403
19405
19411
19413
19413
19424
19428
19428
19433
19441
19444
19453
19453
19457
19458
19462
19469
19471
19473
19477
19477
19486
19494
195
1950
19500
19503
19508
1951
19512
19513
19524
19528
19528
19549
19549
19568
19570
19578
19582
19585
19588
19596
19598
19607
19608
19620
19624
19627
19634
19638
19638
19651
19651
19655
19659
19659
19659
19662
19666
19668
19672
19675
19676
19679
19680
19684
19684
19691
19694
19695
19698
1970
19709
1971
19710
19716
19727
1973
19730
19748
19749
1975
19753
19760
19761
19772
19772
19772
19776
19778
19780
19782
19782
19784
19784
19785
1980
19805
1981
1981
19813
19818
19818
19825
19825
19826
19828
19829
19841
19842
19846
1985
19858
19860
19868
19874
19891
19898
199
19901
19904
19908
19909
19910
19917
19920
19928
19938
1994
19940
19948
19951
19953
19959
19963
19965
19966
19970
19975
19977
19978
19981
19983
19992
19996
2004
2005
2010
2012
2026
2029
2030
2034
204
204
2041
2043
2043
2044
2047
2050
206
2060
2061
2071
2079
2085
2094
21
2100
2102
2104
211
2111
2111
2111
2114
2118
2119
212
2126
2132
2148
215
2153
2154
2164
2171
2196
22
2202
2204
2229
2230
2246
2255
2267
2274
2289
229
2291
2298
2298
230
2304
2305
2306
2310
2312
2313
2332
2333
2358
2358
2358
2358
2360
2360
2378
238
2389
2391
2398
240
2405
2417
2422
2428
2433
2447
2458
2464
2466
2469
2472
2472
2486
2487
2487
2488
2491
2502
251
2510
2515
2520
2524
2527
2535
2545
2547
2551
2555
2563
2570
2572
2574
2574
2589
259
2611
2614
2615
2622
2642
2646
2652
2659
2669
2671
2674
2676
2683
2686
2695
2711
2712
2719
2725
2729
2729
273
2745
2754
2755
2771
2775
278
2783
2791
2796
2796
2798
2800
2802
2802
2808
2818
2821
2823
2826
2827
2828
2839
2846
2846
2853
2854
2868
2873
2877
2879
2885
289
2896
2908
2914
2918
2919
2919
2926
2927
2932
2936
2938
2939
2939
2943
2944
2952
296
2963
2985
2996
300
3003
3009
3010
3015
3015
3019
3021
3024
3027
3029
3032
3045
3050
3050
3058
3059
3061
3065
3070
308
3088
3095
310
3105
3105
3114
3115
3115
3117
3134
3147
3153
3162
3164
3170
3171
3173
3179
3186
3188
3192
3205
3206
3215
3215
3220
3221
3221
3236
324
324
324
3245
3247
325
3252
3256
3264
3274
3278
3284
3288
3295
3296
3310
3326
3327
3339
3342
3358
336
3365
3378
3378
3386
3391
3394
3395
3397
3397
3398
3404
3405
341
3410
3417
3432
344
3441
3451
3452
3452
3461
347
3470
3472
3476
3477
3478
348
3480
3481
3483
3486
3487
3487
3498
350
350
3504
3505
3511
352
352
3524
3526
3528
353
3534
3537
3547
355
3553
3554
3566
3588
3588
3589
3592
3594
3596
360
360
3603
3605
3613
3616
3618
3621
3622
3623
3624
3627
3629
3637
3639
3639
364
3643
3646
3648
3650
3656
3658
3663
3665
3668
3678
3678
3679
3680
3681
369
3693
3699
3708
3712
3714
3719
3720
3720
3723
3728
3736
3737
3737
3738
3744
3747
3748
3749
3760
3761
3769
3772
3773
3781
3783
3799
38
380
380
3800
3800
3802
3804
3805
3811
3846
3851
3855
3857
3862
3865
3870
3870
3871
3882
3894
3899
3901
3904
3909
3914
3924
3930
3940
3941
3948
3949
396
3963
3974
3976
3988
399
3999
4012
4019
4027
4028
4029
403
4030
4031
4033
4048
4058
4058
406
4062
4069
4070
4074
4078
4082
4087
4092
4123
4138
4139
4142
4142
4146
4153
416
4168
4172
418
418
4182
4184
4186
4198
42
421
4213
4218
4222
4225
4228
4229
4233
4250
4254
4260
4262
4264
4286
4302
4309
431
432
4321
4334
4342
4343
4347
4356
4367
4370
4371
4377
4381
4386
4393
4399
4400
4405
4410
4414
4418
442
4425
4428
4431
4433
4443
4445
4458
4465
4466
4488
4489
4492
4492
4492
4499
45
4501
4515
4519
4526
4527
4540
4542
4547
4549
4551
4551
4551
4563
4573
4577
4592
4594
4597
4604
4609
4609
4614
4618
4625
4626
4628
4629
4629
4629
4632
4633
464
4640
4641
4643
4648
4649
4655
4659
4667
4676
4691
4696
4699
4700
4710
4741
4758
4758
4759
4761
4762
4768
4776
4777
4778
4783
4788
4788
4789
4790
4793
4795
480
4807
4807
4811
4833
4838
4839
484
484
4840
4842
485
4852
4856
486
4863
4864
487
4874
4886
489
4909
4909
4914
4920
4928
4929
4932
4934
4937
4937
4937
4937
4948
4949
4961
4966
4970
4977
498
498
4980
4980
4981
4981
4982
4982
4983
4985
4986
4993
4996
4999
5004
5025
5029
5031
5033
5045
5047
5050
5053
5057
5061
5067
508
5108
5112
5114
5114
5115
5120
513
5140
5140
5141
5145
5148
515
5155
5159
5160
5161
5167
517
5170
5179
5181
5186
5186
5190
5196
5207
5216
5225
5227
5232
5234
5238
5243
5246
5258
5259
5263
527
5272
5273
5276
5278
5287
5287
5306
5316
5324
5325
5331
535
5350
5351
5352
5359
5359
5360
5365
5369
5372
5379
5380
5385
5385
5385
5386
5388
5390
5391
5393
5405
541
5414
5419
5422
5426
5428
5429
5433
5434
5443
5444
5444
5457
5459
5468
5475
548
5500
5502
5513
5524
5526
5527
5531
5531
5533
5534
5536
5538
5551
5551
5562
5564
5571
5575
5575
5588
5596
5598
5603
5622
5623
5628
5633
5634
564
5641
5645
5647
5648
5650
5656
5663
5663
5667
5674
5674
5675
5676
5679
568
5682
570
5700
5700
5709
571
5714
5718
5721
5728
5732
5735
5736
5741
5758
576
5765
577
5773
579
5793
5795
5799
5801
5805
5810
5811
5811
5820
5825
5827
5827
5834
5835
5837
5841
5847
5854
5856
5856
5857
5860
5861
5863
5870
5877
5886
5895
5900
5904
5907
5911
5911
5916
5918
592
5927
5927
5934
5934
5936
5941
5943
5943
5943
5948
5948
5949
5949
5954
5955
5959
5964
5977
5984
5987
5996
5999
6
60
6004
6004
601
6015
602
6030
6039
604
604
6046
6054
6055
6059
6064
6072
6075
6088
6090
6092
6093
6098
6118
6118
613
6134
6138
6141
6142
6145
6148
6150
6154
6157
6162
6162
6167
6167
6172
6173
6175
6176
6187
619
6190
6193
6198
6199
62
6202
6212
6215
6216
6217
622
6222
6222
6225
6228
6230
6231
6237
6239
6240
6240
6241
6250
6252
6255
6256
6259
626
6262
6265
6272
6275
6275
6281
6285
6302
6307
6324
6325
6330
6338
6343
6348
636
6366
6370
6371
6376
638
6385
6392
6405
6407
6412
6425
6426
6437
6444
6460
6467
6474
6476
6484
6488
6492
6493
6499
650
6504
6505
6505
6507
6508
6515
652
6528
6530
6531
6541
6546
6551
6559
6563
6570
6572
6574
6576
6577
6577
6581
6584
6591
6594
6595
6598
6601
6617
6625
6626
6630
6637
6638
6638
6642
6648
665
6650
6654
6665
6668
6673
6682
6686
6686
6688
6689
6691
6691
6692
6698
670
6701
6702
6702
6706
6706
6715
6717
6728
6728
6728
6730
6734
6737
6738
6747
675
6750
6750
6753
6753
6756
6761
6766
6768
6772
6782
6786
6816
6821
6842
6852
6857
6867
6872
6873
6879
6882
6887
6888
6896
6897
6905
6909
6915
6920
6928
6928
6931
6935
6936
6936
6938
6944
6945
6951
6954
6955
6969
6970
6975
6987
6998
7004
7016
702
7040
7044
7045
7048
7049
7058
706
7066
7067
7072
7074
7074
7097
7101
7105
7106
7119
7126
713
7131
7135
7145
7159
7160
7162
7163
7169
717
7186
7190
7191
7195
7198
72
7206
7208
721
7222
7223
723
7234
7234
7243
7244
7244
7248
7256
726
726
7266
727
7271
7273
7274
7280
7283
7287
7289
7298
7299
7301
7305
7306
7307
7310
7315
7315
7317
732
7324
7327
7332
7333
7338
7347
7353
7358
7361
7362
7367
737
7385
7388
7389
7389
7399
7400
7404
7413
7415
7415
7424
7431
7431
7433
7433
7436
7446
7461
7463
7464
7471
7471
7475
7477
7479
748
7480
7481
7481
7486
7488
7489
749
7494
7496
7496
7497
75
7500
7501
7501
7507
751
7510
7518
752
7525
7526
7532
7534
7539
7551
7552
7562
7564
7565
7568
7578
7579
7585
7585
7589
759
7598
76
7604
7609
761
7615
7617
7618
7619
7620
7630
7631
7643
7646
7656
7661
7672
7672
7676
7678
7683
7686
7689
7690
7702
7704
7706
7706
771
7713
7718
7722
7725
7728
7737
7752
7757
7758
776
777
7797
7807
7807
7813
7814
7814
7819
7822
7826
7829
7831
7832
7837
7837
7849
7851
7860
7861
7865
7867
7868
7868
7871
7876
7882
7889
7895
79
7908
7911
7911
7912
7915
7919
792
7922
7924
7930
7932
7934
7940
7944
7969
7969
797
798
7980
7982
7987
7988
7999
8003
8005
8006
8007
8014
8023
8024
8025
8028
8030
8035
8036
8040
8055
8057
8066
807
8070
8073
808
8081
8083
8086
809
8090
810
8103
8104
8106
8108
8117
8121
8122
8123
8129
8140
8140
8141
815
8155
8156
8158
8160
8170
8172
8173
8183
8191
8198
8202
8206
821
8211
8220
8227
8231
8232
8234
8239
8239
8240
8242
8250
8253
8256
8258
8259
8259
826
8266
8267
827
8270
8271
8273
8273
8278
8280
8284
8285
829
8292
8293
8293
8294
8299
8300
8306
8309
8317
8317
8319
833
8330
8338
8343
8345
8348
8354
8354
8359
8369
8376
8380
8380
8393
8393
84
8401
8402
8402
8402
8402
8403
8413
8415
8415
8416
8424
843
8434
8436
8438
8440
8443
845
8459
8465
8467
8469
847
8470
8477
8478
848
8480
8485
8485
8491
8492
8498
8508
8514
8525
853
8530
8534
8535
8535
8538
8546
8554
8555
8557
8559
8568
857
8573
8574
8575
8577
8579
8579
8581
8585
8594
8598
8600
8602
8607
8608
8625
8626
8629
8631
8640
8656
8667
8669
8682
8685
8688
869
869
8690
8690
8693
87
8704
8708
8710
8716
8716
8718
872
8722
8724
8724
8731
874
8741
8742
8746
8751
8752
8758
8760
8775
8776
8779
8784
8787
879
8790
8793
8795
880
880
8805
8808
881
8812
8814
8826
8831
8833
8842
8861
8862
8863
8865
8869
8878
8881
8884
8891
89
8905
8909
8910
8931
8944
8945
8945
8947
8948
8957
896
8961
8966
8988
8990
900
9001
9002
9003
9006
9011
9017
9020
9021
9024
9026
9031
904
9044
9047
9069
9069
9073
9075
9079
9080
9087
9095
9098
9102
9132
9134
9141
9141
9144
9151
9152
9156
9159
9164
9166
9169
9174
9178
9182
9184
9193
9193
9194
9195
9196
920
9214
9221
9222
9232
9243
9252
9253
9263
9266
9273
9279
9279
9280
9292
9295
93
9304
9307
9308
9313
9318
9330
9335
9337
9343
9343
9345
9357
9358
936
9366
9367
9369
9378
9382
9388
9389
939
9391
9394
9396
94
9400
9400
9403
9411
9417
9422
9431
9437
9438
9445
9449
9455
9457
9465
9468
9470
9471
9484
9486
9491
9491
9494
9496
9499
9504
9504
9513
9519
9530
9539
9542
9546
9550
956
9562
9563
9566
9569
9569
9574
9585
9587
9594
9596
9597
9597
9602
9603
9605
9607
9612
9614
9614
9616
9622
9624
9630
9631
9634
9648
9650
9655
9657
9662
9665
9678
9686
9690
9690
9696
97
9704
9708
971
9714
9722
9723
9727
9732
9732
9736
9741
9756
9769
9772
9783
979
9793
9796
9806
9811
982
9822
9826
9828
983
983
9830
9834
9842
9843
9844
9848
985
9854
9860
9872
988
989
9897
9897
9898
9902
9905
9907
9910
9911
9913
9915
9927
9941
9948
9954
9957
9957
9959
9960
9961
9961
9987
9993
