1
10002
10020
10030
1004
10050
10051
10056
10056
10058
10066
10081
10083
10093
10094
10108
10113
10114
10122
10125
1013
1014
10144
10144
1015
10150
10156
10163
1017
10173
10175
10180
10189
10195
10198
10201
1022
1022
10223
1024
10245
10250
10257
10259
10264
10268
10275
10297
10320
10327
10332
10343
10347
10375
10375
10392
10453
10465
10466
10488
1049
10496
105
10509
10519
10546
10561
10572
10584
10599
106
10605
10611
10612
10613
10628
10644
10646
10653
10680
10693
10705
10707
10714
10717
10723
10747
1075
10750
10766
10767
10776
1078
10782
10783
1079
10792
10796
10825
10840
10846
10851
10861
10869
10872
10876
10879
10899
10906
10925
10927
10933
10947
1095
10971
10980
10985
10995
10998
11002
11009
11012
11015
11020
11043
11053
11053
11067
11068
11077
11089
11093
11111
11120
11126
11152
11155
11156
11162
11164
1117
11178
11180
11188
11198
11201
11211
11212
11215
11215
11218
11224
11234
11234
11239
11246
1125
11300
11301
11304
11319
11329
11333
11351
11384
11406
11408
11427
1143
1143
11430
11431
11438
1144
11449
11456
11459
1146
11465
11480
115
11514
11538
11544
11557
11557
11582
11589
11591
11601
11608
11624
11624
1163
11641
11648
11650
11653
11669
11681
11683
11691
11695
11699
11700
11705
11707
11720
11722
11734
11757
11757
11766
1179
11806
11809
11812
11817
11824
11835
11838
11851
11882
11882
1189
11892
11892
1191
11924
11933
11942
11943
11953
11958
11965
11977
11978
11981
11981
11991
12000
12002
12011
12029
12041
12044
12047
12056
12057
12059
12067
12067
12069
12070
12073
12085
12097
12115
12115
12127
12129
12134
12140
12152
12180
12188
12191
12195
12211
12212
12219
12233
12268
1227
12272
1228
12280
12283
12285
12301
12303
12310
12323
12326
12329
12337
1234
1234
12342
12343
1235
12350
12356
1238
12388
12399
12402
12404
12409
12413
12461
12462
12468
12479
12480
12482
12486
12493
12496
12501
12533
12537
12571
12571
12576
12579
12583
12601
12640
12644
12648
12651
12653
12659
1266
1267
12671
12671
127
12729
12744
12748
12751
12778
12792
12801
1282
12832
1284
12847
12900
12907
12955
12962
12965
1297
12979
12982
12997
13007
13014
13021
13021
13025
13036
13053
13080
13089
13108
13111
13111
13119
1313
13134
1315
13160
1317
13173
1318
13191
13195
13207
13222
13223
13225
1323
13234
13236
13237
13244
13273
13275
13288
1329
13302
13305
1331
1333
13338
13376
13378
13379
13390
13404
13407
13413
1342
13420
13450
13451
13461
13465
13492
13507
13526
13530
13543
1356
13600
13614
13626
13641
13647
13647
13651
13652
13653
13671
13674
13679
13714
13718
1372
13728
13731
13745
13755
13784
1379
13795
13812
13821
1383
13843
1386
13866
13870
13873
13876
13886
13886
13910
1393
13952
13958
13966
13982
13985
14005
14009
1401
1402
14021
14027
14043
14076
14088
14091
14094
14095
1410
14104
14108
14114
14122
14134
14136
14160
14162
14175
14180
14195
14204
14206
1421
14210
14236
14238
14241
14244
14270
14271
14276
14281
14283
14285
14288
1429
14290
143
1430
1433
14332
14344
14347
14354
14361
14368
14388
14396
14399
14399
1440
14407
14413
14419
14438
14445
14474
14478
14492
14507
14534
1454
1454
14540
14546
14558
14560
14564
14568
14569
14570
14581
14589
14595
14606
14615
14616
14619
14625
14634
14643
14646
1465
14696
14723
1473
14730
14747
14757
14771
14795
14811
14814
14815
14824
14826
1483
14837
14842
14844
14848
14852
14856
14859
14866
14874
14880
14883
14900
14908
14917
14926
14931
14947
14964
14972
14976
14986
14988
14992
15
15001
15004
15038
15058
15061
15066
15106
1511
15115
15120
15123
15139
1514
15147
15148
15151
15154
15169
15171
15172
15194
15200
15209
15232
15237
15258
1526
15271
15272
15276
1528
15289
15294
15296
15297
15315
15329
15340
15345
15349
15352
15353
15358
15370
15372
15384
15387
15388
1540
15405
15410
15421
15428
15462
15473
15477
15490
15491
15499
15499
15516
15550
15553
15604
15610
15636
15637
15660
15677
1569
15690
15697
15698
1570
15700
15718
1573
15741
15755
15777
15778
1579
15800
15812
15822
1585
15852
15874
15874
15879
15902
15907
15913
15921
1593
15930
15934
15938
15950
15952
1596
15995
16016
16016
16018
16030
16039
1604
16044
16049
16053
16060
16072
16082
16105
16108
16110
16112
16129
16132
16152
16168
16170
16172
16173
1618
16191
16204
16222
16223
16227
16237
16247
16262
16268
16274
16295
16295
16298
16321
16321
16339
16339
16342
16342
16353
16367
16368
16376
16383
16390
1641
16425
16426
16442
16444
16447
16465
16481
1649
16496
16500
16526
16534
1657
16570
1658
16617
16636
16639
16650
16656
16672
16695
16701
16703
1671
16710
16716
16720
16728
16740
16753
16760
16786
16791
16794
16796
16801
16806
16811
16814
16821
16824
16825
16828
16842
16847
16861
16861
16862
16880
16890
16896
16900
16904
16905
16905
16911
16925
16931
16940
16940
16950
1696
16963
16968
16974
16982
16989
17030
17035
17041
17053
17071
17075
17084
17090
17104
17121
17128
17133
17168
17178
17185
17197
17197
17202
17205
17205
17207
17210
17214
17218
17224
17227
17264
17289
17307
17327
17344
17369
1737
1737
17382
17396
17399
17399
17404
17404
17419
17422
17423
17435
1744
17440
17444
17458
17475
17477
1748
17482
17487
17495
17500
17528
1753
17530
17570
17573
1758
17598
17601
17612
17684
1769
17694
17713
17725
17732
17739
17752
17782
17783
17794
17797
17798
17803
17818
17828
1785
17854
17859
17860
17860
17862
17865
17871
17916
1793
17944
17971
17971
17972
17978
18001
18014
18015
18022
18025
18025
18057
18061
18076
18122
18144
18159
18168
1818
18187
18189
18194
18201
18210
1823
18230
18237
18248
1825
18268
18277
18287
18294
18295
18300
18301
18311
18322
18323
18330
18335
18337
18337
18347
18349
18354
18360
18415
18426
18429
18430
18431
18435
18442
18458
18466
18469
18485
18489
18494
185
18501
18502
18512
18513
18517
18527
18538
18589
18604
18608
1861
18611
18617
18625
1863
18635
18670
18688
1869
187
18705
18710
18731
18740
18750
18751
18796
18806
18829
18830
18837
18838
18846
18846
18854
18855
18877
18883
18891
18893
18912
18912
18915
18916
18921
18922
18934
18940
18971
18999
19010
19025
19025
19028
19034
1904
19051
19051
19060
19062
19063
19064
19085
19105
19109
19144
19151
1917
19200
19235
19269
19301
19301
19305
19306
19310
19329
19330
19349
19351
19360
19384
19393
19395
1940
19408
19421
19422
19422
19429
19441
19461
19482
19500
19513
19526
1953
1953
19543
19561
19562
19566
19576
19584
19585
19596
19598
19607
1963
19640
19642
19647
19666
19666
19675
19678
19714
19718
1975
19766
19773
1979
198
19819
19828
19833
19835
19846
19862
19869
19869
19874
19888
1989
19911
19914
19937
19940
19953
19962
19967
19968
19981
2004
2006
2007
203
2030
2039
2050
2059
208
2084
2085
209
211
2122
2137
2159
2163
2222
2228
223
2234
224
2242
2245
2252
2267
227
2272
2281
2281
2291
2309
2317
2317
2320
2326
2330
2331
2341
2348
235
2350
2357
2362
2364
2376
2379
2387
2397
2400
2415
2441
2467
2468
2473
2479
2479
248
2489
2497
2511
2525
254
2541
2558
2572
2578
258
2600
2606
2610
2610
2623
2624
2626
2642
265
2650
2656
2662
2666
2679
2694
2694
2731
2733
2772
278
2780
2786
281
2823
2829
2835
2836
2837
284
2841
288
2886
289
2907
2920
2923
2934
2937
2950
2961
2962
2970
2975
299
3014
3020
3025
3026
3037
3038
3039
3046
3050
3051
3054
3054
3068
3078
3081
3083
3088
3088
3099
3109
3115
3149
3166
3180
3188
3191
3191
3200
3202
3203
3210
322
3227
3244
325
3266
327
3277
3279
3307
3309
3344
3346
3358
3361
3363
3373
3382
3382
3384
3412
3419
3428
3435
3451
3456
3478
3478
3479
3483
3507
3515
3523
3525
3552
3566
3579
3584
3585
3588
3607
3617
3619
3626
3627
364
3658
3663
3672
3677
368
3692
370
3704
371
3712
3715
3735
3735
3739
3747
3749
3754
3758
3762
3765
3768
3777
3781
3796
3808
381
3819
3821
3824
3831
3852
386
3862
3863
3877
3882
3897
3898
390
3920
3927
3943
3944
3960
3961
3967
3968
3971
3974
398
3987
4000
4023
403
4036
4049
4054
4056
4060
4068
4073
4074
4076
4084
4088
4091
4098
4101
4101
4114
4118
4122
4129
4132
4139
4163
4176
4186
4207
421
4210
4214
4217
4222
4227
4230
4232
4236
4265
4266
4268
4269
4269
4272
4276
4288
43
4314
4315
4338
4352
4355
4355
4357
4362
4409
4442
4449
4449
4458
4461
4461
4480
4481
4504
4507
4508
4519
452
4522
4536
4539
4555
4556
456
4576
4608
4612
462
4638
4639
4652
4658
468
4691
4694
4712
4720
4724
4747
4766
4770
4774
4787
479
4800
4816
4817
4825
4827
4834
4838
4839
4856
4860
4872
4878
4907
4907
491
4910
4945
4957
4963
4968
4970
4975
4975
4999
50
5026
5031
5038
5043
5057
5057
5063
5069
5106
5116
5121
5123
5133
5137
5145
5145
5146
515
5158
5167
517
5183
52
5208
5213
5228
523
5239
5249
5261
5271
5282
5302
5304
5314
5322
5323
5326
5326
5332
5347
5371
5376
5377
538
5408
5409
5432
5439
5445
5445
5447
5449
5451
5468
5486
5488
5493
550
5524
5528
5540
5549
5559
5563
5576
5580
5582
560
560
5605
5624
566
567
5673
5678
5722
5729
5742
575
576
5760
577
5775
5777
580
5800
583
583
5835
5840
5841
5845
5847
5852
5874
5876
5882
589
5938
5938
5946
5947
5953
5953
5961
5969
5990
6
6013
6016
6019
6039
6039
6049
6050
6062
6067
6068
6073
6104
6109
6129
6135
6137
6144
6153
6159
617
6174
6175
6177
6178
6179
62
6225
6226
6235
624
6257
6260
6268
6270
6277
6277
6282
6303
631
631
6314
6317
6324
6329
6330
6339
634
6346
6347
6350
6366
6372
6380
6393
6394
6401
6407
642
6430
6436
6437
6438
644
6450
6463
6492
6493
6511
6521
6522
6526
6526
6527
6541
6550
6558
6565
6571
6580
6586
659
6599
6599
6606
6621
6632
664
6646
6661
6677
6685
6711
6720
6721
6726
6736
6747
6752
6757
6759
6776
6777
678
6794
682
6828
6833
6853
6867
6876
6883
6890
6897
6916
693
6942
6953
6956
6974
6978
6997
7002
7004
7007
7016
7021
7022
7023
7031
7033
7050
7052
706
7077
7078
7092
7123
7124
713
7131
7137
7137
7153
7162
7169
7173
7174
7193
7197
7201
7207
7236
7252
7274
7276
7290
7294
7306
7318
7318
7331
7337
7339
7340
7352
7363
7364
7372
7375
7378
7408
7413
7440
7443
7444
7447
7450
746
7462
7465
7472
7478
7489
7496
7497
7507
7514
7522
7529
7535
7540
7544
7547
7550
7551
7558
7561
7564
757
7592
760
7605
7605
7616
7619
7624
764
7645
7650
7655
772
7724
7725
7733
7735
7745
7752
7754
7757
776
7775
7802
7804
7818
7824
7844
7848
7859
7871
7877
7882
7905
791
7914
7915
7918
7925
7935
796
7995
8012
8013
802
8024
8027
8039
8046
8088
8091
8098
8103
8112
8118
8133
8138
814
8142
8149
8155
8159
8162
8180
8189
819
8198
8221
823
8240
8248
8262
8280
8286
8286
8294
8298
83
8311
8315
832
832
8339
8351
8382
8401
8413
8414
8427
8453
8454
8457
8457
8479
850
8506
8512
8513
852
8525
8531
8534
8560
8570
8583
860
8638
864
8643
8647
8652
8656
8664
8679
869
870
8701
872
8728
8730
8740
8741
8748
8754
8759
8760
8774
879
8793
8805
884
8850
8856
8874
8905
8908
8911
8920
8921
8924
8932
8950
8957
8961
8964
8973
8974
8976
8998
9004
9029
9036
9036
9047
9054
9056
9056
9058
9059
9065
9066
9084
9106
9124
9139
9159
9161
9176
9195
9198
9199
9204
9210
9236
9246
9269
9277
929
9293
9296
9311
9313
9315
9330
9343
9344
9374
9382
9382
9388
9396
9400
941
9411
9446
9447
9448
9456
9460
9464
9468
9480
9481
9484
9496
9517
952
9527
9550
9553
9554
9596
9605
9613
962
9623
9630
9632
9634
9636
9639
9657
9671
9682
9690
9701
9704
9707
9710
9718
9723
974
9744
9756
9761
9785
980
9804
9816
9841
9855
9856
9881
9891
9893
9907
993
9944
